SRS QCM200 Data File
Data Taken on 04.05.2022 at 11:37:45
Tag Definitions
Zero Rel F        = 1
Zero Rel R        = 2
Zero Rel F and R  = 3
User Tag          = 4
Begining of File  = 5

Notes:


Frequency	Resistance	Delta F	Delta R	Delta Mass	Time (s)	Tag
+04.997961000E+6	+08.060000E+0	+00.000000E+0	+00.000000E+0	+00.000000E+0	+02.700000E-1	5
+04.997961000E+6	+08.059000E+0	+00.000000E+0	-01.000000E-3	+00.000000E+0	+05.177700E+1	0
+04.997961000E+6	+08.059000E+0	+00.000000E+0	-01.000000E-3	+00.000000E+0	+05.285800E+1	0
+04.997961000E+6	+08.060000E+0	+00.000000E+0	+00.000000E+0	+00.000000E+0	+05.393700E+1	0
+04.997961100E+6	+08.060000E+0	+01.000000E-1	+00.000000E+0	-01.766784E-3	+05.501300E+1	0
+04.997961100E+6	+08.060000E+0	+01.000000E-1	+00.000000E+0	-01.766784E-3	+05.607800E+1	0
+04.997961000E+6	+08.059000E+0	+00.000000E+0	-01.000000E-3	+00.000000E+0	+05.715400E+1	0
+04.997961100E+6	+08.061000E+0	+01.000000E-1	+01.000000E-3	-01.766784E-3	+05.822900E+1	0
+04.997961000E+6	+08.060000E+0	+00.000000E+0	+00.000000E+0	+00.000000E+0	+05.930400E+1	0
+04.997961100E+6	+08.060000E+0	+01.000000E-1	+00.000000E+0	-01.766784E-3	+06.037900E+1	0
+04.997961000E+6	+08.059000E+0	+00.000000E+0	-01.000000E-3	+00.000000E+0	+06.145700E+1	0
+04.997961100E+6	+08.059000E+0	+01.000000E-1	-01.000000E-3	-01.766784E-3	+06.253200E+1	0
+04.997961100E+6	+08.059000E+0	+01.000000E-1	-01.000000E-3	-01.766784E-3	+06.361100E+1	0
+04.997961000E+6	+08.059000E+0	+00.000000E+0	-01.000000E-3	+00.000000E+0	+06.469500E+1	0
+04.997961000E+6	+08.060000E+0	+00.000000E+0	+00.000000E+0	+00.000000E+0	+06.575800E+1	0
+04.997961000E+6	+08.060000E+0	+00.000000E+0	+00.000000E+0	+00.000000E+0	+06.683300E+1	0
+04.997961000E+6	+08.061000E+0	+00.000000E+0	+01.000000E-3	+00.000000E+0	+06.790100E+1	0
+04.997961100E+6	+08.061000E+0	+01.000000E-1	+01.000000E-3	-01.766784E-3	+06.898200E+1	0
+04.997961000E+6	+08.061000E+0	+00.000000E+0	+01.000000E-3	+00.000000E+0	+07.005700E+1	0
+04.997961100E+6	+08.060000E+0	+01.000000E-1	+00.000000E+0	-01.766784E-3	+07.112300E+1	0
+04.997961100E+6	+08.060000E+0	+01.000000E-1	+00.000000E+0	-01.766784E-3	+07.220500E+1	0
+04.997961100E+6	+08.060000E+0	+01.000000E-1	+00.000000E+0	-01.766784E-3	+07.328300E+1	0
+04.997961000E+6	+08.060000E+0	+00.000000E+0	+00.000000E+0	+00.000000E+0	+07.436100E+1	0
+04.997961100E+6	+08.061000E+0	+01.000000E-1	+01.000000E-3	-01.766784E-3	+07.543400E+1	0
+04.997961000E+6	+08.060000E+0	+00.000000E+0	+00.000000E+0	+00.000000E+0	+07.650000E+1	0
+04.997961000E+6	+08.060000E+0	+00.000000E+0	+00.000000E+0	+00.000000E+0	+07.757600E+1	0
+04.997961100E+6	+08.060000E+0	+01.000000E-1	+00.000000E+0	-01.766784E-3	+07.866300E+1	0
+04.997961000E+6	+08.062000E+0	+00.000000E+0	+02.000000E-3	+00.000000E+0	+07.972300E+1	0
+04.997961100E+6	+08.060000E+0	+01.000000E-1	+00.000000E+0	-01.766784E-3	+08.080800E+1	0
+04.997961100E+6	+08.060000E+0	+01.000000E-1	+00.000000E+0	-01.766784E-3	+08.187900E+1	0
+04.997961100E+6	+08.061000E+0	+01.000000E-1	+01.000000E-3	-01.766784E-3	+08.295500E+1	0
+04.997961000E+6	+08.061000E+0	+00.000000E+0	+01.000000E-3	+00.000000E+0	+08.403400E+1	0
+04.997961100E+6	+08.061000E+0	+01.000000E-1	+01.000000E-3	-01.766784E-3	+08.510700E+1	0
+04.997961000E+6	+08.062000E+0	+00.000000E+0	+02.000000E-3	+00.000000E+0	+08.617300E+1	0
+04.997961000E+6	+08.062000E+0	+00.000000E+0	+02.000000E-3	+00.000000E+0	+08.724700E+1	0
+04.997961100E+6	+08.061000E+0	+01.000000E-1	+01.000000E-3	-01.766784E-3	+08.832600E+1	0
+04.997961000E+6	+08.062000E+0	+00.000000E+0	+02.000000E-3	+00.000000E+0	+08.940300E+1	0
+04.997961100E+6	+08.061000E+0	+01.000000E-1	+01.000000E-3	-01.766784E-3	+09.048100E+1	0
+04.997961100E+6	+08.062000E+0	+01.000000E-1	+02.000000E-3	-01.766784E-3	+09.155200E+1	0
+04.997961100E+6	+08.062000E+0	+01.000000E-1	+02.000000E-3	-01.766784E-3	+09.262600E+1	0
+04.997961100E+6	+08.062000E+0	+01.000000E-1	+02.000000E-3	-01.766784E-3	+09.370000E+1	0
+04.997961000E+6	+08.062000E+0	+00.000000E+0	+02.000000E-3	+00.000000E+0	+09.478200E+1	0
+04.997961000E+6	+08.062000E+0	+00.000000E+0	+02.000000E-3	+00.000000E+0	+09.584700E+1	0
+04.997961000E+6	+08.062000E+0	+00.000000E+0	+02.000000E-3	+00.000000E+0	+09.692500E+1	0
+04.997961100E+6	+08.061000E+0	+01.000000E-1	+01.000000E-3	-01.766784E-3	+09.800000E+1	0
+04.997961100E+6	+08.062000E+0	+01.000000E-1	+02.000000E-3	-01.766784E-3	+09.908200E+1	0
+04.997961100E+6	+08.061000E+0	+01.000000E-1	+01.000000E-3	-01.766784E-3	+01.001490E+2	0
+04.997961100E+6	+08.061000E+0	+01.000000E-1	+01.000000E-3	-01.766784E-3	+01.012260E+2	0
+04.997961000E+6	+08.061000E+0	+00.000000E+0	+01.000000E-3	+00.000000E+0	+01.023000E+2	0
+04.997961000E+6	+08.061000E+0	+00.000000E+0	+01.000000E-3	+00.000000E+0	+01.033660E+2	0
+04.997961000E+6	+08.061000E+0	+00.000000E+0	+01.000000E-3	+00.000000E+0	+01.044480E+2	0
+04.997961000E+6	+08.060000E+0	+00.000000E+0	+00.000000E+0	+00.000000E+0	+01.055160E+2	0
+04.997961100E+6	+08.061000E+0	+01.000000E-1	+01.000000E-3	-01.766784E-3	+01.065930E+2	0
+04.997961000E+6	+08.062000E+0	+00.000000E+0	+02.000000E-3	+00.000000E+0	+01.076660E+2	0
+04.997961000E+6	+08.060000E+0	+00.000000E+0	+00.000000E+0	+00.000000E+0	+01.087420E+2	0
+04.997961000E+6	+08.060000E+0	+00.000000E+0	+00.000000E+0	+00.000000E+0	+01.098160E+2	0
+04.997961000E+6	+08.060000E+0	+00.000000E+0	+00.000000E+0	+00.000000E+0	+01.108830E+2	0
+04.997961000E+6	+08.060000E+0	+00.000000E+0	+00.000000E+0	+00.000000E+0	+01.119640E+2	0
+04.997961100E+6	+08.060000E+0	+01.000000E-1	+00.000000E+0	-01.766784E-3	+01.130360E+2	0
+04.997961000E+6	+08.059000E+0	+00.000000E+0	-01.000000E-3	+00.000000E+0	+01.141140E+2	0
+04.997961000E+6	+08.059000E+0	+00.000000E+0	-01.000000E-3	+00.000000E+0	+01.151820E+2	0
+04.997961000E+6	+08.060000E+0	+00.000000E+0	+00.000000E+0	+00.000000E+0	+01.162580E+2	0
+04.997961000E+6	+08.060000E+0	+00.000000E+0	+00.000000E+0	+00.000000E+0	+01.173340E+2	0
+04.997961000E+6	+08.060000E+0	+00.000000E+0	+00.000000E+0	+00.000000E+0	+01.184120E+2	0
+04.997961000E+6	+08.060000E+0	+00.000000E+0	+00.000000E+0	+00.000000E+0	+01.194810E+2	0
+04.997961000E+6	+08.061000E+0	+00.000000E+0	+01.000000E-3	+00.000000E+0	+01.205590E+2	0
+04.997961000E+6	+08.060000E+0	+00.000000E+0	+00.000000E+0	+00.000000E+0	+01.216360E+2	0
+04.997961000E+6	+08.060000E+0	+00.000000E+0	+00.000000E+0	+00.000000E+0	+01.227080E+2	0
+04.997961100E+6	+08.060000E+0	+01.000000E-1	+00.000000E+0	-01.766784E-3	+01.237750E+2	0
+04.997961000E+6	+08.060000E+0	+00.000000E+0	+00.000000E+0	+00.000000E+0	+01.248510E+2	0
+04.997961000E+6	+08.060000E+0	+00.000000E+0	+00.000000E+0	+00.000000E+0	+01.259260E+2	0
+04.997961000E+6	+08.060000E+0	+00.000000E+0	+00.000000E+0	+00.000000E+0	+01.270080E+2	0
+04.997961000E+6	+08.060000E+0	+00.000000E+0	+00.000000E+0	+00.000000E+0	+01.280750E+2	0
+04.997961000E+6	+08.060000E+0	+00.000000E+0	+00.000000E+0	+00.000000E+0	+01.291550E+2	0
+04.997961000E+6	+08.059000E+0	+00.000000E+0	-01.000000E-3	+00.000000E+0	+01.302210E+2	0
+04.997961000E+6	+08.060000E+0	+00.000000E+0	+00.000000E+0	+00.000000E+0	+01.312970E+2	0
+04.997961000E+6	+08.059000E+0	+00.000000E+0	-01.000000E-3	+00.000000E+0	+01.323720E+2	0
+04.997961000E+6	+08.060000E+0	+00.000000E+0	+00.000000E+0	+00.000000E+0	+01.334510E+2	0
+04.997961000E+6	+08.059000E+0	+00.000000E+0	-01.000000E-3	+00.000000E+0	+01.345280E+2	0
+04.997961000E+6	+08.060000E+0	+00.000000E+0	+00.000000E+0	+00.000000E+0	+01.355910E+2	0
+04.997961000E+6	+08.059000E+0	+00.000000E+0	-01.000000E-3	+00.000000E+0	+01.366680E+2	0
+04.997961000E+6	+08.060000E+0	+00.000000E+0	+00.000000E+0	+00.000000E+0	+01.377460E+2	0
+04.997961000E+6	+08.059000E+0	+00.000000E+0	-01.000000E-3	+00.000000E+0	+01.388320E+2	0
+04.997961000E+6	+08.059000E+0	+00.000000E+0	-01.000000E-3	+00.000000E+0	+01.399090E+2	0
+04.997961000E+6	+08.060000E+0	+00.000000E+0	+00.000000E+0	+00.000000E+0	+01.409810E+2	0
+04.997961000E+6	+08.060000E+0	+00.000000E+0	+00.000000E+0	+00.000000E+0	+01.420520E+2	0
+04.997961000E+6	+08.060000E+0	+00.000000E+0	+00.000000E+0	+00.000000E+0	+01.431270E+2	0
+04.997961000E+6	+08.059000E+0	+00.000000E+0	-01.000000E-3	+00.000000E+0	+01.441950E+2	0
+04.997961000E+6	+08.060000E+0	+00.000000E+0	+00.000000E+0	+00.000000E+0	+01.452740E+2	0
+04.997961000E+6	+08.060000E+0	+00.000000E+0	+00.000000E+0	+00.000000E+0	+01.463490E+2	0
+04.997961000E+6	+08.060000E+0	+00.000000E+0	+00.000000E+0	+00.000000E+0	+01.474250E+2	0
+04.997961000E+6	+08.059000E+0	+00.000000E+0	-01.000000E-3	+00.000000E+0	+01.484980E+2	0
+04.997961000E+6	+08.058000E+0	+00.000000E+0	-02.000000E-3	+00.000000E+0	+01.495630E+2	0
+04.997961000E+6	+08.059000E+0	+00.000000E+0	-01.000000E-3	+00.000000E+0	+01.506450E+2	0
+04.997961000E+6	+08.058000E+0	+00.000000E+0	-02.000000E-3	+00.000000E+0	+01.517130E+2	0
+04.997961000E+6	+08.059000E+0	+00.000000E+0	-01.000000E-3	+00.000000E+0	+01.527910E+2	0
+04.997961000E+6	+08.058000E+0	+00.000000E+0	-02.000000E-3	+00.000000E+0	+01.538700E+2	0
+04.997961000E+6	+08.058000E+0	+00.000000E+0	-02.000000E-3	+00.000000E+0	+01.549680E+2	0
+04.997961000E+6	+08.058000E+0	+00.000000E+0	-02.000000E-3	+00.000000E+0	+01.560100E+2	0
+04.997961000E+6	+08.059000E+0	+00.000000E+0	-01.000000E-3	+00.000000E+0	+01.570900E+2	0
+04.997961000E+6	+08.060000E+0	+00.000000E+0	+00.000000E+0	+00.000000E+0	+01.581570E+2	0
+04.997961000E+6	+08.059000E+0	+00.000000E+0	-01.000000E-3	+00.000000E+0	+01.592390E+2	0
+04.997961000E+6	+08.059000E+0	+00.000000E+0	-01.000000E-3	+00.000000E+0	+01.603160E+2	0
+04.997961000E+6	+08.059000E+0	+00.000000E+0	-01.000000E-3	+00.000000E+0	+01.613900E+2	0
+04.997961000E+6	+08.058000E+0	+00.000000E+0	-02.000000E-3	+00.000000E+0	+01.624560E+2	0
+04.997961000E+6	+08.058000E+0	+00.000000E+0	-02.000000E-3	+00.000000E+0	+01.635300E+2	0
+04.997961000E+6	+08.059000E+0	+00.000000E+0	-01.000000E-3	+00.000000E+0	+01.646040E+2	0
+04.997961000E+6	+08.058000E+0	+00.000000E+0	-02.000000E-3	+00.000000E+0	+01.656800E+2	0
+04.997961000E+6	+08.058000E+0	+00.000000E+0	-02.000000E-3	+00.000000E+0	+01.667640E+2	0
+04.997961000E+6	+08.058000E+0	+00.000000E+0	-02.000000E-3	+00.000000E+0	+01.678340E+2	0
+04.997961100E+6	+08.059000E+0	+01.000000E-1	-01.000000E-3	-01.766784E-3	+01.689010E+2	0
+04.997961000E+6	+08.058000E+0	+00.000000E+0	-02.000000E-3	+00.000000E+0	+01.699880E+2	0
+04.997961000E+6	+08.058000E+0	+00.000000E+0	-02.000000E-3	+00.000000E+0	+01.710530E+2	0
+04.997961000E+6	+08.059000E+0	+00.000000E+0	-01.000000E-3	+00.000000E+0	+01.721300E+2	0
+04.997961000E+6	+08.058000E+0	+00.000000E+0	-02.000000E-3	+00.000000E+0	+01.732080E+2	0
+04.997961100E+6	+08.060000E+0	+01.000000E-1	+00.000000E+0	-01.766784E-3	+01.742830E+2	0
+04.997961000E+6	+08.059000E+0	+00.000000E+0	-01.000000E-3	+00.000000E+0	+01.753630E+2	0
+04.997961000E+6	+08.059000E+0	+00.000000E+0	-01.000000E-3	+00.000000E+0	+01.764250E+2	0
+04.997961000E+6	+08.059000E+0	+00.000000E+0	-01.000000E-3	+00.000000E+0	+01.775030E+2	0
+04.997961000E+6	+08.059000E+0	+00.000000E+0	-01.000000E-3	+00.000000E+0	+01.785770E+2	0
+04.997961000E+6	+08.059000E+0	+00.000000E+0	-01.000000E-3	+00.000000E+0	+01.796560E+2	0
+04.997961000E+6	+08.059000E+0	+00.000000E+0	-01.000000E-3	+00.000000E+0	+01.807320E+2	0
+04.997961100E+6	+08.058000E+0	+01.000000E-1	-02.000000E-3	-01.766784E-3	+01.818020E+2	0
+04.997961000E+6	+08.058000E+0	+00.000000E+0	-02.000000E-3	+00.000000E+0	+01.828740E+2	0
+04.997961000E+6	+08.058000E+0	+00.000000E+0	-02.000000E-3	+00.000000E+0	+01.839590E+2	0
+04.997961000E+6	+08.058000E+0	+00.000000E+0	-02.000000E-3	+00.000000E+0	+01.850230E+2	0
+04.997961100E+6	+08.058000E+0	+01.000000E-1	-02.000000E-3	-01.766784E-3	+01.861000E+2	0
+04.997961000E+6	+08.059000E+0	+00.000000E+0	-01.000000E-3	+00.000000E+0	+01.871750E+2	0
+04.997961100E+6	+08.059000E+0	+01.000000E-1	-01.000000E-3	-01.766784E-3	+01.882550E+2	0
+04.997961000E+6	+08.060000E+0	+00.000000E+0	+00.000000E+0	+00.000000E+0	+01.893320E+2	0
+04.997961000E+6	+08.060000E+0	+00.000000E+0	+00.000000E+0	+00.000000E+0	+01.904060E+2	0
+04.997961000E+6	+08.061000E+0	+00.000000E+0	+01.000000E-3	+00.000000E+0	+01.914700E+2	0
+04.997961000E+6	+08.060000E+0	+00.000000E+0	+00.000000E+0	+00.000000E+0	+01.925440E+2	0
+04.997961100E+6	+08.059000E+0	+01.000000E-1	-01.000000E-3	-01.766784E-3	+01.936210E+2	0
+04.997961200E+6	+08.060000E+0	+02.000000E-1	+00.000000E+0	-03.533569E-3	+01.946950E+2	0
+04.997961200E+6	+08.059000E+0	+02.000000E-1	-01.000000E-3	-03.533569E-3	+01.957640E+2	0
+04.997961200E+6	+08.061000E+0	+02.000000E-1	+01.000000E-3	-03.533569E-3	+01.968500E+2	0
+04.997961200E+6	+08.060000E+0	+02.000000E-1	+00.000000E+0	-03.533569E-3	+01.979130E+2	0
+04.997961200E+6	+08.059000E+0	+02.000000E-1	-01.000000E-3	-03.533569E-3	+01.989870E+2	0
+04.997961300E+6	+08.059000E+0	+03.000000E-1	-01.000000E-3	-05.300353E-3	+02.000630E+2	0
+04.997961200E+6	+08.060000E+0	+02.000000E-1	+00.000000E+0	-03.533569E-3	+02.011450E+2	0
+04.997961100E+6	+08.060000E+0	+01.000000E-1	+00.000000E+0	-01.766784E-3	+02.022180E+2	0
+04.997961100E+6	+08.060000E+0	+01.000000E-1	+00.000000E+0	-01.766784E-3	+02.032970E+2	0
+04.997961100E+6	+08.060000E+0	+01.000000E-1	+00.000000E+0	-01.766784E-3	+02.043720E+2	0
+04.997961200E+6	+08.060000E+0	+02.000000E-1	+00.000000E+0	-03.533569E-3	+02.054470E+2	0
+04.997961300E+6	+08.059000E+0	+03.000000E-1	-01.000000E-3	-05.300353E-3	+02.065240E+2	0
+04.997961100E+6	+08.060000E+0	+01.000000E-1	+00.000000E+0	-01.766784E-3	+02.076010E+2	0
+04.997961200E+6	+08.060000E+0	+02.000000E-1	+00.000000E+0	-03.533569E-3	+02.086660E+2	0
+04.997961100E+6	+08.058000E+0	+01.000000E-1	-02.000000E-3	-01.766784E-3	+02.097480E+2	0
+04.997961200E+6	+08.059000E+0	+02.000000E-1	-01.000000E-3	-03.533569E-3	+02.108170E+2	0
+04.997961100E+6	+08.058000E+0	+01.000000E-1	-02.000000E-3	-01.766784E-3	+02.118970E+2	0
+04.997961200E+6	+08.059000E+0	+02.000000E-1	-01.000000E-3	-03.533569E-3	+02.129630E+2	0
+04.997961100E+6	+08.059000E+0	+01.000000E-1	-01.000000E-3	-01.766784E-3	+02.140420E+2	0
+04.997961100E+6	+08.059000E+0	+01.000000E-1	-01.000000E-3	-01.766784E-3	+02.151280E+2	0
+04.997961200E+6	+08.058000E+0	+02.000000E-1	-02.000000E-3	-03.533569E-3	+02.162030E+2	0
+04.997961100E+6	+08.059000E+0	+01.000000E-1	-01.000000E-3	-01.766784E-3	+02.172760E+2	0
+04.997961100E+6	+08.059000E+0	+01.000000E-1	-01.000000E-3	-01.766784E-3	+02.183500E+2	0
+04.997961100E+6	+08.058000E+0	+01.000000E-1	-02.000000E-3	-01.766784E-3	+02.194150E+2	0
+04.997961200E+6	+08.059000E+0	+02.000000E-1	-01.000000E-3	-03.533569E-3	+02.204910E+2	0
+04.997961100E+6	+08.059000E+0	+01.000000E-1	-01.000000E-3	-01.766784E-3	+02.215760E+2	0
+04.997961100E+6	+08.060000E+0	+01.000000E-1	+00.000000E+0	-01.766784E-3	+02.226410E+2	0
+04.997961100E+6	+08.060000E+0	+01.000000E-1	+00.000000E+0	-01.766784E-3	+02.237220E+2	0
+04.997961100E+6	+08.059000E+0	+01.000000E-1	-01.000000E-3	-01.766784E-3	+02.248000E+2	0
+04.997961100E+6	+08.060000E+0	+01.000000E-1	+00.000000E+0	-01.766784E-3	+02.258640E+2	0
+04.997961100E+6	+08.060000E+0	+01.000000E-1	+00.000000E+0	-01.766784E-3	+02.269390E+2	0
+04.997961200E+6	+08.060000E+0	+02.000000E-1	+00.000000E+0	-03.533569E-3	+02.280110E+2	0
+04.997961100E+6	+08.060000E+0	+01.000000E-1	+00.000000E+0	-01.766784E-3	+02.290920E+2	0
+04.997961100E+6	+08.059000E+0	+01.000000E-1	-01.000000E-3	-01.766784E-3	+02.301690E+2	0
+04.997961100E+6	+08.060000E+0	+01.000000E-1	+00.000000E+0	-01.766784E-3	+02.312350E+2	0
+04.997961100E+6	+08.059000E+0	+01.000000E-1	-01.000000E-3	-01.766784E-3	+02.323110E+2	0
+04.997961100E+6	+08.059000E+0	+01.000000E-1	-01.000000E-3	-01.766784E-3	+02.333860E+2	0
+04.997961200E+6	+08.059000E+0	+02.000000E-1	-01.000000E-3	-03.533569E-3	+02.344640E+2	0
+04.997961100E+6	+08.059000E+0	+01.000000E-1	-01.000000E-3	-01.766784E-3	+02.355430E+2	0
+04.997961100E+6	+08.058000E+0	+01.000000E-1	-02.000000E-3	-01.766784E-3	+02.366180E+2	0
+04.997961100E+6	+08.060000E+0	+01.000000E-1	+00.000000E+0	-01.766784E-3	+02.376820E+2	0
+04.997961200E+6	+08.059000E+0	+02.000000E-1	-01.000000E-3	-03.533569E-3	+02.387610E+2	0
+04.997961100E+6	+08.059000E+0	+01.000000E-1	-01.000000E-3	-01.766784E-3	+02.398430E+2	0
+04.997961100E+6	+08.059000E+0	+01.000000E-1	-01.000000E-3	-01.766784E-3	+02.409080E+2	0
+04.997961100E+6	+08.058000E+0	+01.000000E-1	-02.000000E-3	-01.766784E-3	+02.419930E+2	0
+04.997961100E+6	+08.059000E+0	+01.000000E-1	-01.000000E-3	-01.766784E-3	+02.430680E+2	0
+04.997961100E+6	+08.059000E+0	+01.000000E-1	-01.000000E-3	-01.766784E-3	+02.441330E+2	0
+04.997961200E+6	+08.059000E+0	+02.000000E-1	-01.000000E-3	-03.533569E-3	+02.452210E+2	0
+04.997961100E+6	+08.059000E+0	+01.000000E-1	-01.000000E-3	-01.766784E-3	+02.462980E+2	0
+04.997961100E+6	+08.059000E+0	+01.000000E-1	-01.000000E-3	-01.766784E-3	+02.473720E+2	0
+04.997961100E+6	+08.059000E+0	+01.000000E-1	-01.000000E-3	-01.766784E-3	+02.484420E+2	0
+04.997961200E+6	+08.059000E+0	+02.000000E-1	-01.000000E-3	-03.533569E-3	+02.495170E+2	0
+04.997961100E+6	+08.059000E+0	+01.000000E-1	-01.000000E-3	-01.766784E-3	+02.505830E+2	0
+04.997961100E+6	+08.059000E+0	+01.000000E-1	-01.000000E-3	-01.766784E-3	+02.516660E+2	0
+04.997961100E+6	+08.058000E+0	+01.000000E-1	-02.000000E-3	-01.766784E-3	+02.527340E+2	0
+04.997961100E+6	+08.059000E+0	+01.000000E-1	-01.000000E-3	-01.766784E-3	+02.538190E+2	0
+04.997961100E+6	+08.058000E+0	+01.000000E-1	-02.000000E-3	-01.766784E-3	+02.548850E+2	0
+04.997961200E+6	+08.058000E+0	+02.000000E-1	-02.000000E-3	-03.533569E-3	+02.559680E+2	0
+04.997961100E+6	+08.058000E+0	+01.000000E-1	-02.000000E-3	-01.766784E-3	+02.570330E+2	0
+04.997961100E+6	+08.059000E+0	+01.000000E-1	-01.000000E-3	-01.766784E-3	+02.581170E+2	0
+04.997961100E+6	+08.060000E+0	+01.000000E-1	+00.000000E+0	-01.766784E-3	+02.591860E+2	0
+04.997961100E+6	+08.059000E+0	+01.000000E-1	-01.000000E-3	-01.766784E-3	+02.602660E+2	0
+04.997961200E+6	+08.059000E+0	+02.000000E-1	-01.000000E-3	-03.533569E-3	+02.613310E+2	0
+04.997961200E+6	+08.059000E+0	+02.000000E-1	-01.000000E-3	-03.533569E-3	+02.624130E+2	0
+04.997961100E+6	+08.058000E+0	+01.000000E-1	-02.000000E-3	-01.766784E-3	+02.634890E+2	0
+04.997961100E+6	+08.059000E+0	+01.000000E-1	-01.000000E-3	-01.766784E-3	+02.645650E+2	0
+04.997961100E+6	+08.059000E+0	+01.000000E-1	-01.000000E-3	-01.766784E-3	+02.656320E+2	0
+04.997961200E+6	+08.061000E+0	+02.000000E-1	+01.000000E-3	-03.533569E-3	+02.667060E+2	0
+04.997961100E+6	+08.060000E+0	+01.000000E-1	+00.000000E+0	-01.766784E-3	+02.677860E+2	0
+04.997961100E+6	+08.060000E+0	+01.000000E-1	+00.000000E+0	-01.766784E-3	+02.688600E+2	0
+04.997961100E+6	+08.060000E+0	+01.000000E-1	+00.000000E+0	-01.766784E-3	+02.699270E+2	0
+04.997961100E+6	+08.060000E+0	+01.000000E-1	+00.000000E+0	-01.766784E-3	+02.710010E+2	0
+04.997961200E+6	+08.061000E+0	+02.000000E-1	+01.000000E-3	-03.533569E-3	+02.720770E+2	0
+04.997961100E+6	+08.061000E+0	+01.000000E-1	+01.000000E-3	-01.766784E-3	+02.731500E+2	0
+04.997961200E+6	+08.060000E+0	+02.000000E-1	+00.000000E+0	-03.533569E-3	+02.742330E+2	0
+04.997961100E+6	+08.059000E+0	+01.000000E-1	-01.000000E-3	-01.766784E-3	+02.753060E+2	0
+04.997961100E+6	+08.059000E+0	+01.000000E-1	-01.000000E-3	-01.766784E-3	+02.763830E+2	0
+04.997961100E+6	+08.059000E+0	+01.000000E-1	-01.000000E-3	-01.766784E-3	+02.774610E+2	0
+04.997961100E+6	+08.059000E+0	+01.000000E-1	-01.000000E-3	-01.766784E-3	+02.785350E+2	0
+04.997961100E+6	+08.060000E+0	+01.000000E-1	+00.000000E+0	-01.766784E-3	+02.796030E+2	0
+04.997961200E+6	+08.059000E+0	+02.000000E-1	-01.000000E-3	-03.533569E-3	+02.806780E+2	0
+04.997961100E+6	+08.059000E+0	+01.000000E-1	-01.000000E-3	-01.766784E-3	+02.817450E+2	0
+04.997961200E+6	+08.060000E+0	+02.000000E-1	+00.000000E+0	-03.533569E-3	+02.828270E+2	0
+04.997961300E+6	+08.060000E+0	+03.000000E-1	+00.000000E+0	-05.300353E-3	+02.838910E+2	0
+04.997961300E+6	+08.060000E+0	+03.000000E-1	+00.000000E+0	-05.300353E-3	+02.849700E+2	0
+04.997961300E+6	+08.059000E+0	+03.000000E-1	-01.000000E-3	-05.300353E-3	+02.860470E+2	0
+04.997961200E+6	+08.059000E+0	+02.000000E-1	-01.000000E-3	-03.533569E-3	+02.871300E+2	0
+04.997961300E+6	+08.059000E+0	+03.000000E-1	-01.000000E-3	-05.300353E-3	+02.881980E+2	0
+04.997961200E+6	+08.060000E+0	+02.000000E-1	+00.000000E+0	-03.533569E-3	+02.892760E+2	0
+04.997961200E+6	+08.060000E+0	+02.000000E-1	+00.000000E+0	-03.533569E-3	+02.903470E+2	0
+04.997961200E+6	+08.060000E+0	+02.000000E-1	+00.000000E+0	-03.533569E-3	+02.914270E+2	0
+04.997961300E+6	+08.059000E+0	+03.000000E-1	-01.000000E-3	-05.300353E-3	+02.925030E+2	0
+04.997961200E+6	+08.060000E+0	+02.000000E-1	+00.000000E+0	-03.533569E-3	+02.935770E+2	0
+04.997961200E+6	+08.061000E+0	+02.000000E-1	+01.000000E-3	-03.533569E-3	+02.946470E+2	0
+04.997961200E+6	+08.060000E+0	+02.000000E-1	+00.000000E+0	-03.533569E-3	+02.957290E+2	0
+04.997961300E+6	+08.060000E+0	+03.000000E-1	+00.000000E+0	-05.300353E-3	+02.968020E+2	0
+04.997961200E+6	+08.060000E+0	+02.000000E-1	+00.000000E+0	-03.533569E-3	+02.978740E+2	0
+04.997961200E+6	+08.060000E+0	+02.000000E-1	+00.000000E+0	-03.533569E-3	+02.989490E+2	0
+04.997961200E+6	+08.060000E+0	+02.000000E-1	+00.000000E+0	-03.533569E-3	+03.000110E+2	0
+04.997961200E+6	+08.060000E+0	+02.000000E-1	+00.000000E+0	-03.533569E-3	+03.010900E+2	0
+04.997961200E+6	+08.060000E+0	+02.000000E-1	+00.000000E+0	-03.533569E-3	+03.021690E+2	0
+04.997961300E+6	+08.059000E+0	+03.000000E-1	-01.000000E-3	-05.300353E-3	+03.032470E+2	0
+04.997961200E+6	+08.058000E+0	+02.000000E-1	-02.000000E-3	-03.533569E-3	+03.043170E+2	0
+04.997961300E+6	+08.059000E+0	+03.000000E-1	-01.000000E-3	-05.300353E-3	+03.053850E+2	0
+04.997961200E+6	+08.059000E+0	+02.000000E-1	-01.000000E-3	-03.533569E-3	+03.064640E+2	0
+04.997961100E+6	+08.059000E+0	+01.000000E-1	-01.000000E-3	-01.766784E-3	+03.075420E+2	0
+04.997961300E+6	+08.059000E+0	+03.000000E-1	-01.000000E-3	-05.300353E-3	+03.086210E+2	0
+04.997961200E+6	+08.058000E+0	+02.000000E-1	-02.000000E-3	-03.533569E-3	+03.096850E+2	0
+04.997961300E+6	+08.058000E+0	+03.000000E-1	-02.000000E-3	-05.300353E-3	+03.107620E+2	0
+04.997961200E+6	+08.059000E+0	+02.000000E-1	-01.000000E-3	-03.533569E-3	+03.118310E+2	0
+04.997961300E+6	+08.059000E+0	+03.000000E-1	-01.000000E-3	-05.300353E-3	+03.129160E+2	0
+04.997961200E+6	+08.059000E+0	+02.000000E-1	-01.000000E-3	-03.533569E-3	+03.139840E+2	0
+04.997961200E+6	+08.059000E+0	+02.000000E-1	-01.000000E-3	-03.533569E-3	+03.150590E+2	0
+04.997961100E+6	+08.059000E+0	+01.000000E-1	-01.000000E-3	-01.766784E-3	+03.161360E+2	0
+04.997961200E+6	+08.060000E+0	+02.000000E-1	+00.000000E+0	-03.533569E-3	+03.172150E+2	0
+04.997961100E+6	+08.060000E+0	+01.000000E-1	+00.000000E+0	-01.766784E-3	+03.182830E+2	0
+04.997961200E+6	+08.060000E+0	+02.000000E-1	+00.000000E+0	-03.533569E-3	+03.193530E+2	0
+04.997961300E+6	+08.059000E+0	+03.000000E-1	-01.000000E-3	-05.300353E-3	+03.204300E+2	0
+04.997961100E+6	+08.059000E+0	+01.000000E-1	-01.000000E-3	-01.766784E-3	+03.215090E+2	0
+04.997961300E+6	+08.059000E+0	+03.000000E-1	-01.000000E-3	-05.300353E-3	+03.225840E+2	0
+04.997961100E+6	+08.059000E+0	+01.000000E-1	-01.000000E-3	-01.766784E-3	+03.236570E+2	0
+04.997961100E+6	+08.059000E+0	+01.000000E-1	-01.000000E-3	-01.766784E-3	+03.247210E+2	0
+04.997961200E+6	+08.059000E+0	+02.000000E-1	-01.000000E-3	-03.533569E-3	+03.258050E+2	0
+04.997961100E+6	+08.059000E+0	+01.000000E-1	-01.000000E-3	-01.766784E-3	+03.268710E+2	0
+04.997961200E+6	+08.058000E+0	+02.000000E-1	-02.000000E-3	-03.533569E-3	+03.279590E+2	0
+04.997961200E+6	+08.058000E+0	+02.000000E-1	-02.000000E-3	-03.533569E-3	+03.290240E+2	0
+04.997961200E+6	+08.058000E+0	+02.000000E-1	-02.000000E-3	-03.533569E-3	+03.301020E+2	0
+04.997961100E+6	+08.058000E+0	+01.000000E-1	-02.000000E-3	-01.766784E-3	+03.311800E+2	0
+04.997961100E+6	+08.058000E+0	+01.000000E-1	-02.000000E-3	-01.766784E-3	+03.322490E+2	0
+04.997961200E+6	+08.059000E+0	+02.000000E-1	-01.000000E-3	-03.533569E-3	+03.333370E+2	0
+04.997961200E+6	+08.059000E+0	+02.000000E-1	-01.000000E-3	-03.533569E-3	+03.344000E+2	0
+04.997961100E+6	+08.059000E+0	+01.000000E-1	-01.000000E-3	-01.766784E-3	+03.354860E+2	0
+04.997961200E+6	+08.059000E+0	+02.000000E-1	-01.000000E-3	-03.533569E-3	+03.365650E+2	0
+04.997961100E+6	+08.058000E+0	+01.000000E-1	-02.000000E-3	-01.766784E-3	+03.376300E+2	0
+04.997961100E+6	+08.059000E+0	+01.000000E-1	-01.000000E-3	-01.766784E-3	+03.387080E+2	0
+04.997961100E+6	+08.059000E+0	+01.000000E-1	-01.000000E-3	-01.766784E-3	+03.397860E+2	0
+04.997961200E+6	+08.058000E+0	+02.000000E-1	-02.000000E-3	-03.533569E-3	+03.408560E+2	0
+04.997961300E+6	+08.058000E+0	+03.000000E-1	-02.000000E-3	-05.300353E-3	+03.419260E+2	0
+04.997961100E+6	+08.058000E+0	+01.000000E-1	-02.000000E-3	-01.766784E-3	+03.430030E+2	0
+04.997961200E+6	+08.059000E+0	+02.000000E-1	-01.000000E-3	-03.533569E-3	+03.440770E+2	0
+04.997961200E+6	+08.058000E+0	+02.000000E-1	-02.000000E-3	-03.533569E-3	+03.451520E+2	0
+04.997961200E+6	+08.059000E+0	+02.000000E-1	-01.000000E-3	-03.533569E-3	+03.462210E+2	0
+04.997961200E+6	+08.058000E+0	+02.000000E-1	-02.000000E-3	-03.533569E-3	+03.473030E+2	0
+04.997961200E+6	+08.058000E+0	+02.000000E-1	-02.000000E-3	-03.533569E-3	+03.483690E+2	0
+04.997961100E+6	+08.058000E+0	+01.000000E-1	-02.000000E-3	-01.766784E-3	+03.494440E+2	0
+04.997961100E+6	+08.058000E+0	+01.000000E-1	-02.000000E-3	-01.766784E-3	+03.505200E+2	0
+04.997961100E+6	+08.058000E+0	+01.000000E-1	-02.000000E-3	-01.766784E-3	+03.516020E+2	0
+04.997961100E+6	+08.058000E+0	+01.000000E-1	-02.000000E-3	-01.766784E-3	+03.526800E+2	0
+04.997961300E+6	+08.058000E+0	+03.000000E-1	-02.000000E-3	-05.300353E-3	+03.537560E+2	0
+04.997961200E+6	+08.058000E+0	+02.000000E-1	-02.000000E-3	-03.533569E-3	+03.548340E+2	0
+04.997961200E+6	+08.059000E+0	+02.000000E-1	-01.000000E-3	-03.533569E-3	+03.559100E+2	0
+04.997961200E+6	+08.059000E+0	+02.000000E-1	-01.000000E-3	-03.533569E-3	+03.569740E+2	0
+04.997961100E+6	+08.059000E+0	+01.000000E-1	-01.000000E-3	-01.766784E-3	+03.580630E+2	0
+04.997961200E+6	+08.059000E+0	+02.000000E-1	-01.000000E-3	-03.533569E-3	+03.591320E+2	0
+04.997961300E+6	+08.059000E+0	+03.000000E-1	-01.000000E-3	-05.300353E-3	+03.602080E+2	0
+04.997961100E+6	+08.059000E+0	+01.000000E-1	-01.000000E-3	-01.766784E-3	+03.612830E+2	0
+04.997961100E+6	+08.059000E+0	+01.000000E-1	-01.000000E-3	-01.766784E-3	+03.623580E+2	0
+04.997961300E+6	+08.059000E+0	+03.000000E-1	-01.000000E-3	-05.300353E-3	+03.634290E+2	0
+04.997961200E+6	+08.058000E+0	+02.000000E-1	-02.000000E-3	-03.533569E-3	+03.645140E+2	0
+04.997961100E+6	+08.058000E+0	+01.000000E-1	-02.000000E-3	-01.766784E-3	+03.655780E+2	0
+04.997961100E+6	+08.058000E+0	+01.000000E-1	-02.000000E-3	-01.766784E-3	+03.666610E+2	0
+04.997961200E+6	+08.058000E+0	+02.000000E-1	-02.000000E-3	-03.533569E-3	+03.677390E+2	0
+04.997961100E+6	+08.058000E+0	+01.000000E-1	-02.000000E-3	-01.766784E-3	+03.688040E+2	0
+04.997961100E+6	+08.058000E+0	+01.000000E-1	-02.000000E-3	-01.766784E-3	+03.698790E+2	0
+04.997961100E+6	+08.058000E+0	+01.000000E-1	-02.000000E-3	-01.766784E-3	+03.709540E+2	0
+04.997961200E+6	+08.058000E+0	+02.000000E-1	-02.000000E-3	-03.533569E-3	+03.720320E+2	0
+04.997961100E+6	+08.058000E+0	+01.000000E-1	-02.000000E-3	-01.766784E-3	+03.731120E+2	0
+04.997961300E+6	+08.057000E+0	+03.000000E-1	-03.000000E-3	-05.300353E-3	+03.741790E+2	0
+04.997961200E+6	+08.057000E+0	+02.000000E-1	-03.000000E-3	-03.533569E-3	+03.752550E+2	0
+04.997961300E+6	+08.058000E+0	+03.000000E-1	-02.000000E-3	-05.300353E-3	+03.763340E+2	0
+04.997961200E+6	+08.057000E+0	+02.000000E-1	-03.000000E-3	-03.533569E-3	+03.774110E+2	0
+04.997961200E+6	+08.058000E+0	+02.000000E-1	-02.000000E-3	-03.533569E-3	+03.784920E+2	0
+04.997961300E+6	+08.058000E+0	+03.000000E-1	-02.000000E-3	-05.300353E-3	+03.795530E+2	0
+04.997961200E+6	+08.058000E+0	+02.000000E-1	-02.000000E-3	-03.533569E-3	+03.806320E+2	0
+04.997961100E+6	+08.058000E+0	+01.000000E-1	-02.000000E-3	-01.766784E-3	+03.817140E+2	0
+04.997961200E+6	+08.057000E+0	+02.000000E-1	-03.000000E-3	-03.533569E-3	+03.827910E+2	0
+04.997961200E+6	+08.058000E+0	+02.000000E-1	-02.000000E-3	-03.533569E-3	+03.838550E+2	0
+04.997961200E+6	+08.057000E+0	+02.000000E-1	-03.000000E-3	-03.533569E-3	+03.849380E+2	0
+04.997961300E+6	+08.058000E+0	+03.000000E-1	-02.000000E-3	-05.300353E-3	+03.860080E+2	0
+04.997961200E+6	+08.058000E+0	+02.000000E-1	-02.000000E-3	-03.533569E-3	+03.870730E+2	0
+04.997961300E+6	+08.059000E+0	+03.000000E-1	-01.000000E-3	-05.300353E-3	+03.881510E+2	0
+04.997961200E+6	+08.059000E+0	+02.000000E-1	-01.000000E-3	-03.533569E-3	+03.892260E+2	0
+04.997961300E+6	+08.059000E+0	+03.000000E-1	-01.000000E-3	-05.300353E-3	+03.903070E+2	0
+04.997961200E+6	+08.058000E+0	+02.000000E-1	-02.000000E-3	-03.533569E-3	+03.913720E+2	0
+04.997961300E+6	+08.057000E+0	+03.000000E-1	-03.000000E-3	-05.300353E-3	+03.924430E+2	0
+04.997961300E+6	+08.058000E+0	+03.000000E-1	-02.000000E-3	-05.300353E-3	+03.935200E+2	0
+04.997961200E+6	+08.056000E+0	+02.000000E-1	-04.000000E-3	-03.533569E-3	+03.945950E+2	0
+04.997961300E+6	+08.056000E+0	+03.000000E-1	-04.000000E-3	-05.300353E-3	+03.956730E+2	0
+04.997961200E+6	+08.056000E+0	+02.000000E-1	-04.000000E-3	-03.533569E-3	+03.967420E+2	0
+04.997961200E+6	+08.057000E+0	+02.000000E-1	-03.000000E-3	-03.533569E-3	+03.978240E+2	0
+04.997961300E+6	+08.057000E+0	+03.000000E-1	-03.000000E-3	-05.300353E-3	+03.988880E+2	0
+04.997961200E+6	+08.056000E+0	+02.000000E-1	-04.000000E-3	-03.533569E-3	+03.999690E+2	0
+04.997961200E+6	+08.057000E+0	+02.000000E-1	-03.000000E-3	-03.533569E-3	+04.010370E+2	0
+04.997961200E+6	+08.057000E+0	+02.000000E-1	-03.000000E-3	-03.533569E-3	+04.021070E+2	0
+04.997961200E+6	+08.057000E+0	+02.000000E-1	-03.000000E-3	-03.533569E-3	+04.031850E+2	0
+04.997961200E+6	+08.057000E+0	+02.000000E-1	-03.000000E-3	-03.533569E-3	+04.042640E+2	0
+04.997961200E+6	+08.058000E+0	+02.000000E-1	-02.000000E-3	-03.533569E-3	+04.053350E+2	0
+04.997961200E+6	+08.056000E+0	+02.000000E-1	-04.000000E-3	-03.533569E-3	+04.064120E+2	0
+04.997961200E+6	+08.057000E+0	+02.000000E-1	-03.000000E-3	-03.533569E-3	+04.074860E+2	0
+04.997961200E+6	+08.058000E+0	+02.000000E-1	-02.000000E-3	-03.533569E-3	+04.085650E+2	0
+04.997961200E+6	+08.057000E+0	+02.000000E-1	-03.000000E-3	-03.533569E-3	+04.096320E+2	0
+04.997961200E+6	+08.057000E+0	+02.000000E-1	-03.000000E-3	-03.533569E-3	+04.107130E+2	0
+04.997961300E+6	+08.057000E+0	+03.000000E-1	-03.000000E-3	-05.300353E-3	+04.117930E+2	0
+04.997961200E+6	+08.056000E+0	+02.000000E-1	-04.000000E-3	-03.533569E-3	+04.128580E+2	0
+04.997961200E+6	+08.057000E+0	+02.000000E-1	-03.000000E-3	-03.533569E-3	+04.139350E+2	0
+04.997961300E+6	+08.057000E+0	+03.000000E-1	-03.000000E-3	-05.300353E-3	+04.150180E+2	0
+04.997961200E+6	+08.058000E+0	+02.000000E-1	-02.000000E-3	-03.533569E-3	+04.160900E+2	0
+04.997961200E+6	+08.057000E+0	+02.000000E-1	-03.000000E-3	-03.533569E-3	+04.171560E+2	0
+04.997961200E+6	+08.058000E+0	+02.000000E-1	-02.000000E-3	-03.533569E-3	+04.182330E+2	0
+04.997961200E+6	+08.057000E+0	+02.000000E-1	-03.000000E-3	-03.533569E-3	+04.193130E+2	0
+04.997961300E+6	+08.057000E+0	+03.000000E-1	-03.000000E-3	-05.300353E-3	+04.203930E+2	0
+04.997961300E+6	+08.056000E+0	+03.000000E-1	-04.000000E-3	-05.300353E-3	+04.214600E+2	0
+04.997961200E+6	+08.056000E+0	+02.000000E-1	-04.000000E-3	-03.533569E-3	+04.225360E+2	0
+04.997961300E+6	+08.056000E+0	+03.000000E-1	-04.000000E-3	-05.300353E-3	+04.236180E+2	0
+04.997961300E+6	+08.057000E+0	+03.000000E-1	-03.000000E-3	-05.300353E-3	+04.246830E+2	0
+04.997961200E+6	+08.056000E+0	+02.000000E-1	-04.000000E-3	-03.533569E-3	+04.257650E+2	0
+04.997961200E+6	+08.055000E+0	+02.000000E-1	-05.000000E-3	-03.533569E-3	+04.268330E+2	0
+04.997961200E+6	+08.055000E+0	+02.000000E-1	-05.000000E-3	-03.533569E-3	+04.279130E+2	0
+04.997961300E+6	+08.056000E+0	+03.000000E-1	-04.000000E-3	-05.300353E-3	+04.289810E+2	0
+04.997961200E+6	+08.056000E+0	+02.000000E-1	-04.000000E-3	-03.533569E-3	+04.300630E+2	0
+04.997961300E+6	+08.056000E+0	+03.000000E-1	-04.000000E-3	-05.300353E-3	+04.311390E+2	0
+04.997961300E+6	+08.056000E+0	+03.000000E-1	-04.000000E-3	-05.300353E-3	+04.322100E+2	0
+04.997961300E+6	+08.057000E+0	+03.000000E-1	-03.000000E-3	-05.300353E-3	+04.332880E+2	0
+04.997961300E+6	+08.057000E+0	+03.000000E-1	-03.000000E-3	-05.300353E-3	+04.343610E+2	0
+04.997961300E+6	+08.056000E+0	+03.000000E-1	-04.000000E-3	-05.300353E-3	+04.354240E+2	0
+04.997961300E+6	+08.055000E+0	+03.000000E-1	-05.000000E-3	-05.300353E-3	+04.365030E+2	0
+04.997961300E+6	+08.056000E+0	+03.000000E-1	-04.000000E-3	-05.300353E-3	+04.375810E+2	0
+04.997961300E+6	+08.056000E+0	+03.000000E-1	-04.000000E-3	-05.300353E-3	+04.386570E+2	0
+04.997961300E+6	+08.057000E+0	+03.000000E-1	-03.000000E-3	-05.300353E-3	+04.397260E+2	0
+04.997961300E+6	+08.056000E+0	+03.000000E-1	-04.000000E-3	-05.300353E-3	+04.408030E+2	0
+04.997961300E+6	+08.057000E+0	+03.000000E-1	-03.000000E-3	-05.300353E-3	+04.418800E+2	0
+04.997961300E+6	+08.057000E+0	+03.000000E-1	-03.000000E-3	-05.300353E-3	+04.429550E+2	0
+04.997961300E+6	+08.057000E+0	+03.000000E-1	-03.000000E-3	-05.300353E-3	+04.440240E+2	0
+04.997961300E+6	+08.056000E+0	+03.000000E-1	-04.000000E-3	-05.300353E-3	+04.450910E+2	0
+04.997961200E+6	+08.057000E+0	+02.000000E-1	-03.000000E-3	-03.533569E-3	+04.461730E+2	0
+04.997961300E+6	+08.057000E+0	+03.000000E-1	-03.000000E-3	-05.300353E-3	+04.472510E+2	0
+04.997961300E+6	+08.057000E+0	+03.000000E-1	-03.000000E-3	-05.300353E-3	+04.483140E+2	0
+04.997961300E+6	+08.056000E+0	+03.000000E-1	-04.000000E-3	-05.300353E-3	+04.493940E+2	0
+04.997961300E+6	+08.056000E+0	+03.000000E-1	-04.000000E-3	-05.300353E-3	+04.504700E+2	0
+04.997961300E+6	+08.056000E+0	+03.000000E-1	-04.000000E-3	-05.300353E-3	+04.515430E+2	0
+04.997961300E+6	+08.056000E+0	+03.000000E-1	-04.000000E-3	-05.300353E-3	+04.526170E+2	0
+04.997961300E+6	+08.056000E+0	+03.000000E-1	-04.000000E-3	-05.300353E-3	+04.536960E+2	0
+04.997961300E+6	+08.056000E+0	+03.000000E-1	-04.000000E-3	-05.300353E-3	+04.547750E+2	0
+04.997961300E+6	+08.056000E+0	+03.000000E-1	-04.000000E-3	-05.300353E-3	+04.558460E+2	0
+04.997961300E+6	+08.056000E+0	+03.000000E-1	-04.000000E-3	-05.300353E-3	+04.569130E+2	0
+04.997961300E+6	+08.057000E+0	+03.000000E-1	-03.000000E-3	-05.300353E-3	+04.579890E+2	0
+04.997961300E+6	+08.056000E+0	+03.000000E-1	-04.000000E-3	-05.300353E-3	+04.590640E+2	0
+04.997961300E+6	+08.056000E+0	+03.000000E-1	-04.000000E-3	-05.300353E-3	+04.601430E+2	0
+04.997961300E+6	+08.056000E+0	+03.000000E-1	-04.000000E-3	-05.300353E-3	+04.612230E+2	0
+04.997961300E+6	+08.055000E+0	+03.000000E-1	-05.000000E-3	-05.300353E-3	+04.623010E+2	0
+04.997961300E+6	+08.056000E+0	+03.000000E-1	-04.000000E-3	-05.300353E-3	+04.633760E+2	0
+04.997961300E+6	+08.055000E+0	+03.000000E-1	-05.000000E-3	-05.300353E-3	+04.644560E+2	0
+04.997961300E+6	+08.056000E+0	+03.000000E-1	-04.000000E-3	-05.300353E-3	+04.655220E+2	0
+04.997961300E+6	+08.056000E+0	+03.000000E-1	-04.000000E-3	-05.300353E-3	+04.666030E+2	0
+04.997961400E+6	+08.056000E+0	+04.000000E-1	-04.000000E-3	-07.067138E-3	+04.676780E+2	0
+04.997961300E+6	+08.056000E+0	+03.000000E-1	-04.000000E-3	-05.300353E-3	+04.687560E+2	0
+04.997961300E+6	+08.056000E+0	+03.000000E-1	-04.000000E-3	-05.300353E-3	+04.698190E+2	0
+04.997961300E+6	+08.056000E+0	+03.000000E-1	-04.000000E-3	-05.300353E-3	+04.709000E+2	0
+04.997961300E+6	+08.056000E+0	+03.000000E-1	-04.000000E-3	-05.300353E-3	+04.719800E+2	0
+04.997961400E+6	+08.056000E+0	+04.000000E-1	-04.000000E-3	-07.067138E-3	+04.730590E+2	0
+04.997961300E+6	+08.056000E+0	+03.000000E-1	-04.000000E-3	-05.300353E-3	+04.741290E+2	0
+04.997961300E+6	+08.056000E+0	+03.000000E-1	-04.000000E-3	-05.300353E-3	+04.752100E+2	0
+04.997961300E+6	+08.056000E+0	+03.000000E-1	-04.000000E-3	-05.300353E-3	+04.762790E+2	0
+04.997961400E+6	+08.057000E+0	+04.000000E-1	-03.000000E-3	-07.067138E-3	+04.773480E+2	0
+04.997961300E+6	+08.056000E+0	+03.000000E-1	-04.000000E-3	-05.300353E-3	+04.784250E+2	0
+04.997961300E+6	+08.056000E+0	+03.000000E-1	-04.000000E-3	-05.300353E-3	+04.795090E+2	0
+04.997961400E+6	+08.056000E+0	+04.000000E-1	-04.000000E-3	-07.067138E-3	+04.805740E+2	0
+04.997961400E+6	+08.056000E+0	+04.000000E-1	-04.000000E-3	-07.067138E-3	+04.816520E+2	0
+04.997961400E+6	+08.057000E+0	+04.000000E-1	-03.000000E-3	-07.067138E-3	+04.827200E+2	0
+04.997961400E+6	+08.056000E+0	+04.000000E-1	-04.000000E-3	-07.067138E-3	+04.838040E+2	0
+04.997961400E+6	+08.056000E+0	+04.000000E-1	-04.000000E-3	-07.067138E-3	+04.848720E+2	0
+04.997961300E+6	+08.057000E+0	+03.000000E-1	-03.000000E-3	-05.300353E-3	+04.859520E+2	0
+04.997961400E+6	+08.056000E+0	+04.000000E-1	-04.000000E-3	-07.067138E-3	+04.870220E+2	0
+04.997961300E+6	+08.056000E+0	+03.000000E-1	-04.000000E-3	-05.300353E-3	+04.880900E+2	0
+04.997961300E+6	+08.056000E+0	+03.000000E-1	-04.000000E-3	-05.300353E-3	+04.891690E+2	0
+04.997961400E+6	+08.056000E+0	+04.000000E-1	-04.000000E-3	-07.067138E-3	+04.902520E+2	0
+04.997961300E+6	+08.056000E+0	+03.000000E-1	-04.000000E-3	-05.300353E-3	+04.913270E+2	0
+04.997961300E+6	+08.057000E+0	+03.000000E-1	-03.000000E-3	-05.300353E-3	+04.923920E+2	0
+04.997961300E+6	+08.057000E+0	+03.000000E-1	-03.000000E-3	-05.300353E-3	+04.934710E+2	0
+04.997961300E+6	+08.057000E+0	+03.000000E-1	-03.000000E-3	-05.300353E-3	+04.945490E+2	0
+04.997961400E+6	+08.058000E+0	+04.000000E-1	-02.000000E-3	-07.067138E-3	+04.956260E+2	0
+04.997961300E+6	+08.056000E+0	+03.000000E-1	-04.000000E-3	-05.300353E-3	+04.967010E+2	0
+04.997961300E+6	+08.057000E+0	+03.000000E-1	-03.000000E-3	-05.300353E-3	+04.977780E+2	0
+04.997961400E+6	+08.057000E+0	+04.000000E-1	-03.000000E-3	-07.067138E-3	+04.988540E+2	0
+04.997961300E+6	+08.058000E+0	+03.000000E-1	-02.000000E-3	-05.300353E-3	+04.999230E+2	0
+04.997961400E+6	+08.057000E+0	+04.000000E-1	-03.000000E-3	-07.067138E-3	+05.009980E+2	0
+04.997961300E+6	+08.058000E+0	+03.000000E-1	-02.000000E-3	-05.300353E-3	+05.020700E+2	0
+04.997961300E+6	+08.058000E+0	+03.000000E-1	-02.000000E-3	-05.300353E-3	+05.031500E+2	0
+04.997961400E+6	+08.058000E+0	+04.000000E-1	-02.000000E-3	-07.067138E-3	+05.042200E+2	0
+04.997961400E+6	+08.057000E+0	+04.000000E-1	-03.000000E-3	-07.067138E-3	+05.053030E+2	0
+04.997961300E+6	+08.057000E+0	+03.000000E-1	-03.000000E-3	-05.300353E-3	+05.063720E+2	0
+04.997961400E+6	+08.058000E+0	+04.000000E-1	-02.000000E-3	-07.067138E-3	+05.074500E+2	0
+04.997961300E+6	+08.057000E+0	+03.000000E-1	-03.000000E-3	-05.300353E-3	+05.085320E+2	0
+04.997961400E+6	+08.056000E+0	+04.000000E-1	-04.000000E-3	-07.067138E-3	+05.096000E+2	0
+04.997961300E+6	+08.057000E+0	+03.000000E-1	-03.000000E-3	-05.300353E-3	+05.106790E+2	0
+04.997961400E+6	+08.057000E+0	+04.000000E-1	-03.000000E-3	-07.067138E-3	+05.117470E+2	0
+04.997961300E+6	+08.057000E+0	+03.000000E-1	-03.000000E-3	-05.300353E-3	+05.128310E+2	0
+04.997961300E+6	+08.056000E+0	+03.000000E-1	-04.000000E-3	-05.300353E-3	+05.138930E+2	0
+04.997961400E+6	+08.057000E+0	+04.000000E-1	-03.000000E-3	-07.067138E-3	+05.149890E+2	0
+04.997961300E+6	+08.056000E+0	+03.000000E-1	-04.000000E-3	-05.300353E-3	+05.160520E+2	0
+04.997961400E+6	+08.056000E+0	+04.000000E-1	-04.000000E-3	-07.067138E-3	+05.171160E+2	0
+04.997961300E+6	+08.056000E+0	+03.000000E-1	-04.000000E-3	-05.300353E-3	+05.181910E+2	0
+04.997961400E+6	+08.056000E+0	+04.000000E-1	-04.000000E-3	-07.067138E-3	+05.192620E+2	0
+04.997961300E+6	+08.056000E+0	+03.000000E-1	-04.000000E-3	-05.300353E-3	+05.203410E+2	0
+04.997961400E+6	+08.058000E+0	+04.000000E-1	-02.000000E-3	-07.067138E-3	+05.214170E+2	0
+04.997961300E+6	+08.058000E+0	+03.000000E-1	-02.000000E-3	-05.300353E-3	+05.224960E+2	0
+04.997961400E+6	+08.057000E+0	+04.000000E-1	-03.000000E-3	-07.067138E-3	+05.235610E+2	0
+04.997961300E+6	+08.057000E+0	+03.000000E-1	-03.000000E-3	-05.300353E-3	+05.246410E+2	0
+04.997961300E+6	+08.057000E+0	+03.000000E-1	-03.000000E-3	-05.300353E-3	+05.257210E+2	0
+04.997961400E+6	+08.057000E+0	+04.000000E-1	-03.000000E-3	-07.067138E-3	+05.267990E+2	0
+04.997961400E+6	+08.058000E+0	+04.000000E-1	-02.000000E-3	-07.067138E-3	+05.278670E+2	0
+04.997961400E+6	+08.057000E+0	+04.000000E-1	-03.000000E-3	-07.067138E-3	+05.289460E+2	0
+04.997961400E+6	+08.057000E+0	+04.000000E-1	-03.000000E-3	-07.067138E-3	+05.300110E+2	0
+04.997961300E+6	+08.057000E+0	+03.000000E-1	-03.000000E-3	-05.300353E-3	+05.310940E+2	0
+04.997961400E+6	+08.056000E+0	+04.000000E-1	-04.000000E-3	-07.067138E-3	+05.321750E+2	0
+04.997961400E+6	+08.056000E+0	+04.000000E-1	-04.000000E-3	-07.067138E-3	+05.332480E+2	0
+04.997961400E+6	+08.057000E+0	+04.000000E-1	-03.000000E-3	-07.067138E-3	+05.343210E+2	0
+04.997961400E+6	+08.056000E+0	+04.000000E-1	-04.000000E-3	-07.067138E-3	+05.353950E+2	0
+04.997961400E+6	+08.056000E+0	+04.000000E-1	-04.000000E-3	-07.067138E-3	+05.364630E+2	0
+04.997961400E+6	+08.058000E+0	+04.000000E-1	-02.000000E-3	-07.067138E-3	+05.375440E+2	0
+04.997961400E+6	+08.057000E+0	+04.000000E-1	-03.000000E-3	-07.067138E-3	+05.386080E+2	0
+04.997961400E+6	+08.058000E+0	+04.000000E-1	-02.000000E-3	-07.067138E-3	+05.396940E+2	0
+04.997961400E+6	+08.058000E+0	+04.000000E-1	-02.000000E-3	-07.067138E-3	+05.407650E+2	0
+04.997961400E+6	+08.057000E+0	+04.000000E-1	-03.000000E-3	-07.067138E-3	+05.418460E+2	0
+04.997961300E+6	+08.058000E+0	+03.000000E-1	-02.000000E-3	-05.300353E-3	+05.429130E+2	0
+04.997961400E+6	+08.059000E+0	+04.000000E-1	-01.000000E-3	-07.067138E-3	+05.439940E+2	0
+04.997961400E+6	+08.058000E+0	+04.000000E-1	-02.000000E-3	-07.067138E-3	+05.450600E+2	0
+04.997961400E+6	+08.058000E+0	+04.000000E-1	-02.000000E-3	-07.067138E-3	+05.461360E+2	0
+04.997961300E+6	+08.401000E+0	+03.000000E-1	+03.410000E-1	-05.300353E-3	+05.472070E+2	0
+04.997709700E+6	+03.289700E+2	-02.513000E+2	+03.209100E+2	+04.439929E+0	+05.482860E+2	0
+04.997260600E+6	+03.325900E+2	-07.004000E+2	+03.245300E+2	+01.237456E+1	+05.493540E+2	0
+04.997270800E+6	+03.280400E+2	-06.902000E+2	+03.199800E+2	+01.219435E+1	+05.504240E+2	0
+04.997270600E+6	+03.274400E+2	-06.904000E+2	+03.193800E+2	+01.219788E+1	+05.515010E+2	0
+04.997270000E+6	+03.273900E+2	-06.910000E+2	+03.193300E+2	+01.220848E+1	+05.525860E+2	0
+04.997270400E+6	+03.273200E+2	-06.906000E+2	+03.192600E+2	+01.220141E+1	+05.536580E+2	0
+04.997270800E+6	+03.273400E+2	-06.902000E+2	+03.192800E+2	+01.219435E+1	+05.547310E+2	0
+04.997271100E+6	+03.274300E+2	-06.899000E+2	+03.193700E+2	+01.218905E+1	+05.558010E+2	0
+04.997271400E+6	+03.273800E+2	-06.896000E+2	+03.193200E+2	+01.218375E+1	+05.568830E+2	0
+04.997271600E+6	+03.273900E+2	-06.894000E+2	+03.193300E+2	+01.218021E+1	+05.579550E+2	0
+04.997271800E+6	+03.274900E+2	-06.892000E+2	+03.194300E+2	+01.217668E+1	+05.590290E+2	0
+04.997272100E+6	+03.275700E+2	-06.889000E+2	+03.195100E+2	+01.217138E+1	+05.601010E+2	0
+04.997272200E+6	+03.276100E+2	-06.888000E+2	+03.195500E+2	+01.216961E+1	+05.611760E+2	0
+04.997272300E+6	+03.275900E+2	-06.887000E+2	+03.195300E+2	+01.216784E+1	+05.622510E+2	0
+04.997272300E+6	+03.275500E+2	-06.887000E+2	+03.194900E+2	+01.216784E+1	+05.633270E+2	0
+04.997272300E+6	+03.275600E+2	-06.887000E+2	+03.195000E+2	+01.216784E+1	+05.643960E+2	0
+04.997272500E+6	+03.275900E+2	-06.885000E+2	+03.195300E+2	+01.216431E+1	+05.654640E+2	0
+04.997272700E+6	+03.275900E+2	-06.883000E+2	+03.195300E+2	+01.216078E+1	+05.665480E+2	0
+04.997272700E+6	+03.276600E+2	-06.883000E+2	+03.196000E+2	+01.216078E+1	+05.676150E+2	0
+04.997273000E+6	+03.278000E+2	-06.880000E+2	+03.197400E+2	+01.215548E+1	+05.686940E+2	0
+04.997273000E+6	+03.278600E+2	-06.880000E+2	+03.198000E+2	+01.215548E+1	+05.697740E+2	0
+04.997273100E+6	+03.278100E+2	-06.879000E+2	+03.197500E+2	+01.215371E+1	+05.708450E+2	0
+04.997273100E+6	+03.277700E+2	-06.879000E+2	+03.197100E+2	+01.215371E+1	+05.719160E+2	0
+04.997273000E+6	+03.278100E+2	-06.880000E+2	+03.197500E+2	+01.215548E+1	+05.729980E+2	0
+04.997273000E+6	+03.278100E+2	-06.880000E+2	+03.197500E+2	+01.215548E+1	+05.740710E+2	0
+04.997273100E+6	+03.278100E+2	-06.879000E+2	+03.197500E+2	+01.215371E+1	+05.751470E+2	0
+04.997273100E+6	+03.278400E+2	-06.879000E+2	+03.197800E+2	+01.215371E+1	+05.762160E+2	0
+04.997273100E+6	+03.278400E+2	-06.879000E+2	+03.197800E+2	+01.215371E+1	+05.772900E+2	0
+04.997273200E+6	+03.278400E+2	-06.878000E+2	+03.197800E+2	+01.215194E+1	+05.783700E+2	0
+04.997273300E+6	+03.278500E+2	-06.877000E+2	+03.197900E+2	+01.215018E+1	+05.794400E+2	0
+04.997273200E+6	+03.278600E+2	-06.878000E+2	+03.198000E+2	+01.215194E+1	+05.805070E+2	0
+04.997273200E+6	+03.278700E+2	-06.878000E+2	+03.198100E+2	+01.215194E+1	+05.815910E+2	0
+04.997273300E+6	+03.278700E+2	-06.877000E+2	+03.198100E+2	+01.215018E+1	+05.826630E+2	0
+04.997273400E+6	+03.278600E+2	-06.876000E+2	+03.198000E+2	+01.214841E+1	+05.837350E+2	0
+04.997273400E+6	+03.278500E+2	-06.876000E+2	+03.197900E+2	+01.214841E+1	+05.848040E+2	0
+04.997273400E+6	+03.278600E+2	-06.876000E+2	+03.198000E+2	+01.214841E+1	+05.858840E+2	0
+04.997273400E+6	+03.278500E+2	-06.876000E+2	+03.197900E+2	+01.214841E+1	+05.869660E+2	0
+04.997273400E+6	+03.278400E+2	-06.876000E+2	+03.197800E+2	+01.214841E+1	+05.880370E+2	0
+04.997273400E+6	+03.278100E+2	-06.876000E+2	+03.197500E+2	+01.214841E+1	+05.891060E+2	0
+04.997273400E+6	+03.278100E+2	-06.876000E+2	+03.197500E+2	+01.214841E+1	+05.901900E+2	0
+04.997273400E+6	+03.278200E+2	-06.876000E+2	+03.197600E+2	+01.214841E+1	+05.912570E+2	0
+04.997273500E+6	+03.278200E+2	-06.875000E+2	+03.197600E+2	+01.214664E+1	+05.923400E+2	0
+04.997273500E+6	+03.278200E+2	-06.875000E+2	+03.197600E+2	+01.214664E+1	+05.934090E+2	0
+04.997273500E+6	+03.277900E+2	-06.875000E+2	+03.197300E+2	+01.214664E+1	+05.944790E+2	0
+04.997273600E+6	+03.277600E+2	-06.874000E+2	+03.197000E+2	+01.214488E+1	+05.955640E+2	0
+04.997273600E+6	+03.277400E+2	-06.874000E+2	+03.196800E+2	+01.214488E+1	+05.966360E+2	0
+04.997273600E+6	+03.277300E+2	-06.874000E+2	+03.196700E+2	+01.214488E+1	+05.977090E+2	0
+04.997273600E+6	+03.277200E+2	-06.874000E+2	+03.196600E+2	+01.214488E+1	+05.987780E+2	0
+04.997273600E+6	+03.277000E+2	-06.874000E+2	+03.196400E+2	+01.214488E+1	+05.998510E+2	0
+04.997273600E+6	+03.276900E+2	-06.874000E+2	+03.196300E+2	+01.214488E+1	+06.009350E+2	0
+04.997273700E+6	+03.276700E+2	-06.873000E+2	+03.196100E+2	+01.214311E+1	+06.019980E+2	0
+04.997273600E+6	+03.276600E+2	-06.874000E+2	+03.196000E+2	+01.214488E+1	+06.030810E+2	0
+04.997273600E+6	+03.276400E+2	-06.874000E+2	+03.195800E+2	+01.214488E+1	+06.041490E+2	0
+04.997273600E+6	+03.276200E+2	-06.874000E+2	+03.195600E+2	+01.214488E+1	+06.052310E+2	0
+04.997273500E+6	+03.276000E+2	-06.875000E+2	+03.195400E+2	+01.214664E+1	+06.063040E+2	0
+04.997273600E+6	+03.275800E+2	-06.874000E+2	+03.195200E+2	+01.214488E+1	+06.073820E+2	0
+04.997273500E+6	+03.275500E+2	-06.875000E+2	+03.194900E+2	+01.214664E+1	+06.084530E+2	0
+04.997273400E+6	+03.275300E+2	-06.876000E+2	+03.194700E+2	+01.214841E+1	+06.095230E+2	0
+04.997273400E+6	+03.275000E+2	-06.876000E+2	+03.194400E+2	+01.214841E+1	+06.106020E+2	0
+04.997273400E+6	+03.274800E+2	-06.876000E+2	+03.194200E+2	+01.214841E+1	+06.116830E+2	0
+04.997273400E+6	+03.274600E+2	-06.876000E+2	+03.194000E+2	+01.214841E+1	+06.127550E+2	0
+04.997273400E+6	+03.274500E+2	-06.876000E+2	+03.193900E+2	+01.214841E+1	+06.138280E+2	0
+04.997273400E+6	+03.274600E+2	-06.876000E+2	+03.194000E+2	+01.214841E+1	+06.149060E+2	0
+04.997273400E+6	+03.274400E+2	-06.876000E+2	+03.193800E+2	+01.214841E+1	+06.159760E+2	0
+04.997273400E+6	+03.274200E+2	-06.876000E+2	+03.193600E+2	+01.214841E+1	+06.170440E+2	0
+04.997273400E+6	+03.274100E+2	-06.876000E+2	+03.193500E+2	+01.214841E+1	+06.181340E+2	0
+04.997273300E+6	+03.274000E+2	-06.877000E+2	+03.193400E+2	+01.215018E+1	+06.191970E+2	0