SRS QCM200 Data File
Data Taken on 04.05.2022 at 13:30:43
Tag Definitions
Zero Rel F        = 1
Zero Rel R        = 2
Zero Rel F and R  = 3
User Tag          = 4
Begining of File  = 5

Notes:


Frequency	Resistance	Delta F	Delta R	Delta Mass	Time (s)	Tag
+04.997999500E+6	+08.736000E+0	+00.000000E+0	+00.000000E+0	+00.000000E+0	+03.880000E-1	5
+04.997998000E+6	+08.739000E+0	-01.500000E+0	+03.000000E-3	+02.650177E-2	+02.185500E+1	0
+04.997997600E+6	+08.740000E+0	-01.900000E+0	+04.000000E-3	+03.356890E-2	+02.292500E+1	0
+04.997997300E+6	+08.740000E+0	-02.200000E+0	+04.000000E-3	+03.886926E-2	+02.400600E+1	0
+04.997997300E+6	+08.740000E+0	-02.200000E+0	+04.000000E-3	+03.886926E-2	+02.508800E+1	0
+04.997997100E+6	+08.739000E+0	-02.400000E+0	+03.000000E-3	+04.240283E-2	+02.616000E+1	0
+04.997996900E+6	+08.739000E+0	-02.600000E+0	+03.000000E-3	+04.593640E-2	+02.724800E+1	0
+04.997996900E+6	+08.741000E+0	-02.600000E+0	+05.000000E-3	+04.593640E-2	+02.832200E+1	0
+04.997997300E+6	+08.741000E+0	-02.200000E+0	+05.000000E-3	+03.886926E-2	+02.938700E+1	0
+04.997997800E+6	+08.741000E+0	-01.700000E+0	+05.000000E-3	+03.003534E-2	+03.047000E+1	0
+04.997998400E+6	+08.741000E+0	-01.100000E+0	+05.000000E-3	+01.943463E-2	+03.153800E+1	0
+04.997998800E+6	+08.741000E+0	-07.000000E-1	+05.000000E-3	+01.236749E-2	+03.262400E+1	0
+04.997999100E+6	+08.741000E+0	-04.000000E-1	+05.000000E-3	+07.067138E-3	+03.369200E+1	0
+04.997999100E+6	+08.742000E+0	-04.000000E-1	+06.000000E-3	+07.067138E-3	+03.477100E+1	0
+04.997998300E+6	+08.741000E+0	-01.200000E+0	+05.000000E-3	+02.120141E-2	+03.584000E+1	0
+04.997998500E+6	+08.741000E+0	-01.000000E+0	+05.000000E-3	+01.766784E-2	+03.692100E+1	0
+04.997998100E+6	+08.741000E+0	-01.400000E+0	+05.000000E-3	+02.473498E-2	+03.798500E+1	0
+04.997998300E+6	+08.743000E+0	-01.200000E+0	+07.000000E-3	+02.120141E-2	+03.906200E+1	0
+04.997998900E+6	+08.742000E+0	-06.000000E-1	+06.000000E-3	+01.060071E-2	+04.013600E+1	0
+04.997999000E+6	+08.742000E+0	-05.000000E-1	+06.000000E-3	+08.833922E-3	+04.121700E+1	0
+04.997999300E+6	+08.742000E+0	-02.000000E-1	+06.000000E-3	+03.533569E-3	+04.228900E+1	0
+04.997999800E+6	+08.743000E+0	+03.000000E-1	+07.000000E-3	-05.300353E-3	+04.336600E+1	0
+04.997999800E+6	+08.735000E+0	+03.000000E-1	-01.000000E-3	-05.300353E-3	+04.444000E+1	0
+04.998000000E+6	+08.730000E+0	+05.000000E-1	-06.000000E-3	-08.833922E-3	+04.552200E+1	0
+04.998001100E+6	+08.731000E+0	+01.600000E+0	-05.000000E-3	-02.826855E-2	+04.659700E+1	0
+04.998002100E+6	+08.732000E+0	+02.600000E+0	-04.000000E-3	-04.593640E-2	+04.766900E+1	0
+04.998001400E+6	+01.150900E+1	+01.900000E+0	+02.773000E+0	-03.356890E-2	+04.873600E+1	0
+04.997531300E+6	+03.266300E+2	-04.682000E+2	+03.178940E+2	+08.272085E+0	+04.981400E+1	0
+04.997397100E+6	+03.310200E+2	-06.024000E+2	+03.222840E+2	+01.064311E+1	+05.087800E+1	0
+04.997404000E+6	+03.315300E+2	-05.955000E+2	+03.227940E+2	+01.052120E+1	+05.195200E+1	0
+04.997398600E+6	+03.328200E+2	-06.009000E+2	+03.240840E+2	+01.061661E+1	+05.303500E+1	0
+04.997394300E+6	+03.331300E+2	-06.052000E+2	+03.243940E+2	+01.069258E+1	+05.410700E+1	0
+04.997395000E+6	+03.330400E+2	-06.045000E+2	+03.243040E+2	+01.068021E+1	+05.518200E+1	0
+04.997393800E+6	+03.330700E+2	-06.057000E+2	+03.243340E+2	+01.070141E+1	+05.626300E+1	0
+04.997391300E+6	+03.331400E+2	-06.082000E+2	+03.244040E+2	+01.074558E+1	+05.733300E+1	0
+04.997387900E+6	+03.332700E+2	-06.116000E+2	+03.245340E+2	+01.080565E+1	+05.840800E+1	0
+04.997384100E+6	+03.334800E+2	-06.154000E+2	+03.247440E+2	+01.087279E+1	+05.947300E+1	0
+04.997375900E+6	+03.337400E+2	-06.236000E+2	+03.250040E+2	+01.101767E+1	+06.055000E+1	0
+04.997371700E+6	+03.341500E+2	-06.278000E+2	+03.254140E+2	+01.109187E+1	+06.162500E+1	0
+04.997367000E+6	+03.327100E+2	-06.325000E+2	+03.239740E+2	+01.117491E+1	+06.270400E+1	0
+04.997362900E+6	+03.304400E+2	-06.366000E+2	+03.217040E+2	+01.124735E+1	+06.377600E+1	0
+04.997359000E+6	+03.306100E+2	-06.405000E+2	+03.218740E+2	+01.131625E+1	+06.484000E+1	0
+04.997355300E+6	+03.307400E+2	-06.442000E+2	+03.220040E+2	+01.138163E+1	+06.592500E+1	0
+04.997351600E+6	+03.307300E+2	-06.479000E+2	+03.219940E+2	+01.144700E+1	+06.699900E+1	0
+04.997348800E+6	+03.307600E+2	-06.507000E+2	+03.220240E+2	+01.149647E+1	+06.807100E+1	0
+04.997346300E+6	+03.308000E+2	-06.532000E+2	+03.220640E+2	+01.154064E+1	+06.914500E+1	0
+04.997344400E+6	+03.308200E+2	-06.551000E+2	+03.220840E+2	+01.157420E+1	+07.022400E+1	0
+04.997342700E+6	+03.308200E+2	-06.568000E+2	+03.220840E+2	+01.160424E+1	+07.129800E+1	0
+04.997341000E+6	+03.307700E+2	-06.585000E+2	+03.220340E+2	+01.163428E+1	+07.237300E+1	0
+04.997339600E+6	+03.308000E+2	-06.599000E+2	+03.220640E+2	+01.165901E+1	+07.344500E+1	0
+04.997338200E+6	+03.307700E+2	-06.613000E+2	+03.220340E+2	+01.168375E+1	+07.451600E+1	0
+04.997335300E+6	+03.307600E+2	-06.642000E+2	+03.220240E+2	+01.173498E+1	+07.559100E+1	0
+04.997333900E+6	+03.307400E+2	-06.656000E+2	+03.220040E+2	+01.175972E+1	+07.667400E+1	0
+04.997331100E+6	+03.315100E+2	-06.684000E+2	+03.227740E+2	+01.180919E+1	+07.774600E+1	0
+04.997330300E+6	+03.307100E+2	-06.692000E+2	+03.219740E+2	+01.182332E+1	+07.881300E+1	0
+04.997329400E+6	+03.307100E+2	-06.701000E+2	+03.219740E+2	+01.183922E+1	+07.988700E+1	0
+04.997328000E+6	+03.307200E+2	-06.715000E+2	+03.219840E+2	+01.186396E+1	+08.096800E+1	0
+04.997326800E+6	+03.307600E+2	-06.727000E+2	+03.220240E+2	+01.188516E+1	+08.204400E+1	0
+04.997325400E+6	+03.307700E+2	-06.741000E+2	+03.220340E+2	+01.190989E+1	+08.310800E+1	0
+04.997324200E+6	+03.307600E+2	-06.753000E+2	+03.220240E+2	+01.193110E+1	+08.418400E+1	0
+04.997323000E+6	+03.307500E+2	-06.765000E+2	+03.220140E+2	+01.195230E+1	+08.526000E+1	0
+04.997321800E+6	+03.307700E+2	-06.777000E+2	+03.220340E+2	+01.197350E+1	+08.634100E+1	0
+04.997320700E+6	+03.308200E+2	-06.788000E+2	+03.220840E+2	+01.199293E+1	+08.741700E+1	0
+04.997319400E+6	+03.308600E+2	-06.801000E+2	+03.221240E+2	+01.201590E+1	+08.848100E+1	0
+04.997318100E+6	+03.308800E+2	-06.814000E+2	+03.221440E+2	+01.203887E+1	+08.955400E+1	0
+04.997315600E+6	+03.308600E+2	-06.839000E+2	+03.221240E+2	+01.208304E+1	+09.064000E+1	0
+04.997314600E+6	+03.308700E+2	-06.849000E+2	+03.221340E+2	+01.210071E+1	+09.171300E+1	0
+04.997313500E+6	+03.308500E+2	-06.860000E+2	+03.221140E+2	+01.212014E+1	+09.279200E+1	0
+04.997312300E+6	+03.308400E+2	-06.872000E+2	+03.221040E+2	+01.214134E+1	+09.386600E+1	0
+04.997311300E+6	+03.308400E+2	-06.882000E+2	+03.221040E+2	+01.215901E+1	+09.492900E+1	0
+04.997310600E+6	+03.308800E+2	-06.889000E+2	+03.221440E+2	+01.217138E+1	+09.600200E+1	0
+04.997309400E+6	+03.307300E+2	-06.901000E+2	+03.219940E+2	+01.219258E+1	+09.708700E+1	0
+04.997308900E+6	+03.308300E+2	-06.906000E+2	+03.220940E+2	+01.220141E+1	+09.815400E+1	0
+04.997307800E+6	+03.307600E+2	-06.917000E+2	+03.220240E+2	+01.222085E+1	+09.922600E+1	0
+04.997307200E+6	+03.308600E+2	-06.923000E+2	+03.221240E+2	+01.223145E+1	+01.003020E+2	0
+04.997306600E+6	+03.309200E+2	-06.929000E+2	+03.221840E+2	+01.224205E+1	+01.013760E+2	0
+04.997305800E+6	+03.309000E+2	-06.937000E+2	+03.221640E+2	+01.225618E+1	+01.024600E+2	0
+04.997305300E+6	+03.309600E+2	-06.942000E+2	+03.222240E+2	+01.226502E+1	+01.035310E+2	0
+04.997304000E+6	+03.310100E+2	-06.955000E+2	+03.222740E+2	+01.228799E+1	+01.046030E+2	0
+04.997303300E+6	+03.310700E+2	-06.962000E+2	+03.223340E+2	+01.230035E+1	+01.056770E+2	0
+04.997302500E+6	+03.310900E+2	-06.970000E+2	+03.223540E+2	+01.231449E+1	+01.067600E+2	0
+04.997301900E+6	+03.311500E+2	-06.976000E+2	+03.224140E+2	+01.232509E+1	+01.078320E+2	0
+04.997301200E+6	+03.312300E+2	-06.983000E+2	+03.224940E+2	+01.233746E+1	+01.089110E+2	0
+04.997300400E+6	+03.312200E+2	-06.991000E+2	+03.224840E+2	+01.235159E+1	+01.099840E+2	0
+04.997300000E+6	+03.312900E+2	-06.995000E+2	+03.225540E+2	+01.235866E+1	+01.110580E+2	0
+04.997299300E+6	+03.313800E+2	-07.002000E+2	+03.226440E+2	+01.237102E+1	+01.121250E+2	0
+04.997298400E+6	+03.313900E+2	-07.011000E+2	+03.226540E+2	+01.238693E+1	+01.132010E+2	0
+04.997298000E+6	+03.314800E+2	-07.015000E+2	+03.227440E+2	+01.239399E+1	+01.142710E+2	0
+04.997297400E+6	+03.315600E+2	-07.021000E+2	+03.228240E+2	+01.240459E+1	+01.153480E+2	0
+04.997296600E+6	+03.316400E+2	-07.029000E+2	+03.229040E+2	+01.241873E+1	+01.164290E+2	0
+04.997295800E+6	+03.317300E+2	-07.037000E+2	+03.229940E+2	+01.243286E+1	+01.175020E+2	0
+04.997295400E+6	+03.317700E+2	-07.041000E+2	+03.230340E+2	+01.243993E+1	+01.185750E+2	0
+04.997294100E+6	+03.316900E+2	-07.054000E+2	+03.229540E+2	+01.246290E+1	+01.196480E+2	0
+04.997293700E+6	+03.318100E+2	-07.058000E+2	+03.230740E+2	+01.246996E+1	+01.207160E+2	0
+04.997293100E+6	+03.318700E+2	-07.064000E+2	+03.231340E+2	+01.248057E+1	+01.218000E+2	0
+04.997292600E+6	+03.319000E+2	-07.069000E+2	+03.231640E+2	+01.248940E+1	+01.228620E+2	0
+04.997292000E+6	+03.319000E+2	-07.075000E+2	+03.231640E+2	+01.250000E+1	+01.239490E+2	0
+04.997291500E+6	+03.318900E+2	-07.080000E+2	+03.231540E+2	+01.250883E+1	+01.250240E+2	0
+04.997291100E+6	+03.319300E+2	-07.084000E+2	+03.231940E+2	+01.251590E+1	+01.260860E+2	0
+04.997290800E+6	+03.319600E+2	-07.087000E+2	+03.232240E+2	+01.252120E+1	+01.271620E+2	0
+04.997290100E+6	+03.318500E+2	-07.094000E+2	+03.231140E+2	+01.253357E+1	+01.282370E+2	0
+04.997289900E+6	+03.318900E+2	-07.096000E+2	+03.231540E+2	+01.253710E+1	+01.293090E+2	0
+04.997289600E+6	+03.319300E+2	-07.099000E+2	+03.231940E+2	+01.254240E+1	+01.303930E+2	0
+04.997289200E+6	+03.320200E+2	-07.103000E+2	+03.232840E+2	+01.254947E+1	+01.314600E+2	0
+04.997288700E+6	+03.320600E+2	-07.108000E+2	+03.233240E+2	+01.255830E+1	+01.325450E+2	0
+04.997287800E+6	+03.320600E+2	-07.117000E+2	+03.233240E+2	+01.257420E+1	+01.336200E+2	0
+04.997287500E+6	+03.321100E+2	-07.120000E+2	+03.233740E+2	+01.257951E+1	+01.346810E+2	0
+04.997286900E+6	+03.321400E+2	-07.126000E+2	+03.234040E+2	+01.259011E+1	+01.357550E+2	0
+04.997286500E+6	+03.320400E+2	-07.130000E+2	+03.233040E+2	+01.259717E+1	+01.368310E+2	0
+04.997286400E+6	+03.321200E+2	-07.131000E+2	+03.233840E+2	+01.259894E+1	+01.379160E+2	0
+04.997286000E+6	+03.321600E+2	-07.135000E+2	+03.234240E+2	+01.260601E+1	+01.389910E+2	0
+04.997285600E+6	+03.321500E+2	-07.139000E+2	+03.234140E+2	+01.261307E+1	+01.400660E+2	0
+04.997285400E+6	+03.322000E+2	-07.141000E+2	+03.234640E+2	+01.261661E+1	+01.411300E+2	0
+04.997285100E+6	+03.322600E+2	-07.144000E+2	+03.235240E+2	+01.262191E+1	+01.422050E+2	0
+04.997284800E+6	+03.322700E+2	-07.147000E+2	+03.235340E+2	+01.262721E+1	+01.432830E+2	0
+04.997284300E+6	+03.322400E+2	-07.152000E+2	+03.235040E+2	+01.263604E+1	+01.443540E+2	0
+04.997284200E+6	+03.323100E+2	-07.153000E+2	+03.235740E+2	+01.263781E+1	+01.454290E+2	0
+04.997284000E+6	+03.323800E+2	-07.155000E+2	+03.236440E+2	+01.264134E+1	+01.465040E+2	0
+04.997283800E+6	+03.324100E+2	-07.157000E+2	+03.236740E+2	+01.264488E+1	+01.475700E+2	0
+04.997283100E+6	+03.325200E+2	-07.164000E+2	+03.237840E+2	+01.265724E+1	+01.486510E+2	0
+04.997282800E+6	+03.324900E+2	-07.167000E+2	+03.237540E+2	+01.266254E+1	+01.497270E+2	0
+04.997282600E+6	+03.324700E+2	-07.169000E+2	+03.237340E+2	+01.266608E+1	+01.507990E+2	0
+04.997282400E+6	+03.325300E+2	-07.171000E+2	+03.237940E+2	+01.266961E+1	+01.518720E+2	0
+04.997282100E+6	+03.325200E+2	-07.174000E+2	+03.237840E+2	+01.267491E+1	+01.529480E+2	0
+04.997281700E+6	+03.324700E+2	-07.178000E+2	+03.237340E+2	+01.268198E+1	+01.540170E+2	0
+04.997281600E+6	+03.325300E+2	-07.179000E+2	+03.237940E+2	+01.268375E+1	+01.550920E+2	0
+04.997281600E+6	+03.325700E+2	-07.179000E+2	+03.238340E+2	+01.268375E+1	+01.561760E+2	0
+04.997280900E+6	+03.325200E+2	-07.186000E+2	+03.237840E+2	+01.269611E+1	+01.572540E+2	0
+04.997280800E+6	+03.324800E+2	-07.187000E+2	+03.237440E+2	+01.269788E+1	+01.583300E+2	0
+04.997280800E+6	+03.325600E+2	-07.187000E+2	+03.238240E+2	+01.269788E+1	+01.594200E+2	0
+04.997280300E+6	+03.325400E+2	-07.192000E+2	+03.238040E+2	+01.270671E+1	+01.604690E+2	0
+04.997280100E+6	+03.325500E+2	-07.194000E+2	+03.238140E+2	+01.271025E+1	+01.615450E+2	0
+04.997280000E+6	+03.326300E+2	-07.195000E+2	+03.238940E+2	+01.271201E+1	+01.626160E+2	0
+04.997279400E+6	+03.326800E+2	-07.201000E+2	+03.239440E+2	+01.272261E+1	+01.636940E+2	0
+04.997279100E+6	+03.327000E+2	-07.204000E+2	+03.239640E+2	+01.272792E+1	+01.647690E+2	0
+04.997278800E+6	+03.326800E+2	-07.207000E+2	+03.239440E+2	+01.273322E+1	+01.658410E+2	0
+04.997278800E+6	+03.327300E+2	-07.207000E+2	+03.239940E+2	+01.273322E+1	+01.669120E+2	0
+04.997278400E+6	+03.327000E+2	-07.211000E+2	+03.239640E+2	+01.274028E+1	+01.679840E+2	0
+04.997278100E+6	+03.326600E+2	-07.214000E+2	+03.239240E+2	+01.274558E+1	+01.690680E+2	0
+04.997278000E+6	+03.327300E+2	-07.215000E+2	+03.239940E+2	+01.274735E+1	+01.701410E+2	0
+04.997277700E+6	+03.326800E+2	-07.218000E+2	+03.239440E+2	+01.275265E+1	+01.712180E+2	0
+04.997277800E+6	+03.328000E+2	-07.217000E+2	+03.240640E+2	+01.275088E+1	+01.723000E+2	0
+04.997277000E+6	+03.325700E+2	-07.225000E+2	+03.238340E+2	+01.276502E+1	+01.733740E+2	0
+04.997276900E+6	+03.326400E+2	-07.226000E+2	+03.239040E+2	+01.276678E+1	+01.744440E+2	0
+04.997276900E+6	+03.327500E+2	-07.226000E+2	+03.240140E+2	+01.276678E+1	+01.755200E+2	0
+04.997276400E+6	+03.326600E+2	-07.231000E+2	+03.239240E+2	+01.277562E+1	+01.765950E+2	0
+04.997276100E+6	+03.327700E+2	-07.234000E+2	+03.240340E+2	+01.278092E+1	+01.776720E+2	0
+04.997275700E+6	+03.327700E+2	-07.238000E+2	+03.240340E+2	+01.278799E+1	+01.787480E+2	0
+04.997275600E+6	+03.327300E+2	-07.239000E+2	+03.239940E+2	+01.278975E+1	+01.798170E+2	0
+04.997275400E+6	+03.328000E+2	-07.241000E+2	+03.240640E+2	+01.279329E+1	+01.809010E+2	0
+04.997275100E+6	+03.328500E+2	-07.244000E+2	+03.241140E+2	+01.279859E+1	+01.819760E+2	0
+04.997274900E+6	+03.328600E+2	-07.246000E+2	+03.241240E+2	+01.280212E+1	+01.830390E+2	0
+04.997274600E+6	+03.328500E+2	-07.249000E+2	+03.241140E+2	+01.280742E+1	+01.841180E+2	0
+04.997274400E+6	+03.328200E+2	-07.251000E+2	+03.240840E+2	+01.281095E+1	+01.851910E+2	0
+04.997274200E+6	+03.328400E+2	-07.253000E+2	+03.241040E+2	+01.281449E+1	+01.862680E+2	0
+04.997274000E+6	+03.328800E+2	-07.255000E+2	+03.241440E+2	+01.281802E+1	+01.873370E+2	0
+04.997273900E+6	+03.329000E+2	-07.256000E+2	+03.241640E+2	+01.281979E+1	+01.884230E+2	0
+04.997273600E+6	+03.328800E+2	-07.259000E+2	+03.241440E+2	+01.282509E+1	+01.894950E+2	0
+04.997273500E+6	+03.329500E+2	-07.260000E+2	+03.242140E+2	+01.282686E+1	+01.905640E+2	0
+04.997273400E+6	+03.329200E+2	-07.261000E+2	+03.241840E+2	+01.282862E+1	+01.916450E+2	0
+04.997272900E+6	+03.328900E+2	-07.266000E+2	+03.241540E+2	+01.283746E+1	+01.927160E+2	0
+04.997272700E+6	+03.328800E+2	-07.268000E+2	+03.241440E+2	+01.284099E+1	+01.937890E+2	0
+04.997272700E+6	+03.329700E+2	-07.268000E+2	+03.242340E+2	+01.284099E+1	+01.948610E+2	0
+04.997272300E+6	+03.329900E+2	-07.272000E+2	+03.242540E+2	+01.284806E+1	+01.959290E+2	0
+04.997272100E+6	+03.329700E+2	-07.274000E+2	+03.242340E+2	+01.285159E+1	+01.970090E+2	0
+04.997272000E+6	+03.329900E+2	-07.275000E+2	+03.242540E+2	+01.285336E+1	+01.980810E+2	0
+04.997271900E+6	+03.330500E+2	-07.276000E+2	+03.243140E+2	+01.285512E+1	+01.991630E+2	0
+04.997271800E+6	+03.331200E+2	-07.277000E+2	+03.243840E+2	+01.285689E+1	+02.002330E+2	0
+04.997271700E+6	+03.331700E+2	-07.278000E+2	+03.244340E+2	+01.285866E+1	+02.012990E+2	0
+04.997271400E+6	+03.331700E+2	-07.281000E+2	+03.244340E+2	+01.286396E+1	+02.023790E+2	0
+04.997271100E+6	+03.331300E+2	-07.284000E+2	+03.243940E+2	+01.286926E+1	+02.034490E+2	0
+04.997271000E+6	+03.331100E+2	-07.285000E+2	+03.243740E+2	+01.287102E+1	+02.045210E+2	0
+04.997270900E+6	+03.331200E+2	-07.286000E+2	+03.243840E+2	+01.287279E+1	+02.056030E+2	0
+04.997270500E+6	+03.330800E+2	-07.290000E+2	+03.243440E+2	+01.287986E+1	+02.066720E+2	0
+04.997270100E+6	+03.330500E+2	-07.294000E+2	+03.243140E+2	+01.288693E+1	+02.077490E+2	0
+04.997270000E+6	+03.330600E+2	-07.295000E+2	+03.243240E+2	+01.288869E+1	+02.088140E+2	0
+04.997269800E+6	+03.330300E+2	-07.297000E+2	+03.242940E+2	+01.289223E+1	+02.098980E+2	0
+04.997269800E+6	+03.330600E+2	-07.297000E+2	+03.243240E+2	+01.289223E+1	+02.109720E+2	0
+04.997269300E+6	+03.330300E+2	-07.302000E+2	+03.242940E+2	+01.290106E+1	+02.120470E+2	0
+04.997269300E+6	+03.330200E+2	-07.302000E+2	+03.242840E+2	+01.290106E+1	+02.131210E+2	0
+04.997269200E+6	+03.330500E+2	-07.303000E+2	+03.243140E+2	+01.290283E+1	+02.141850E+2	0
+04.997269000E+6	+03.330800E+2	-07.305000E+2	+03.243440E+2	+01.290636E+1	+02.152580E+2	0
+04.997268800E+6	+03.330900E+2	-07.307000E+2	+03.243540E+2	+01.290989E+1	+02.163300E+2	0
+04.997268700E+6	+03.331300E+2	-07.308000E+2	+03.243940E+2	+01.291166E+1	+02.174040E+2	0
+04.997268600E+6	+03.331700E+2	-07.309000E+2	+03.244340E+2	+01.291343E+1	+02.184830E+2	0
+04.997268500E+6	+03.332200E+2	-07.310000E+2	+03.244840E+2	+01.291519E+1	+02.195540E+2	0
+04.997268400E+6	+03.332300E+2	-07.311000E+2	+03.244940E+2	+01.291696E+1	+02.206330E+2	0
+04.997268300E+6	+03.332100E+2	-07.312000E+2	+03.244740E+2	+01.291873E+1	+02.217140E+2	0
+04.997268200E+6	+03.332300E+2	-07.313000E+2	+03.244940E+2	+01.292049E+1	+02.227910E+2	0
+04.997268000E+6	+03.332700E+2	-07.315000E+2	+03.245340E+2	+01.292403E+1	+02.238620E+2	0
+04.997267900E+6	+03.332800E+2	-07.316000E+2	+03.245440E+2	+01.292580E+1	+02.249270E+2	0
+04.997267700E+6	+03.332900E+2	-07.318000E+2	+03.245540E+2	+01.292933E+1	+02.260110E+2	0
+04.997267500E+6	+03.332700E+2	-07.320000E+2	+03.245340E+2	+01.293286E+1	+02.270870E+2	0
+04.997267500E+6	+03.332900E+2	-07.320000E+2	+03.245540E+2	+01.293286E+1	+02.281510E+2	0
+04.997267300E+6	+03.332800E+2	-07.322000E+2	+03.245440E+2	+01.293640E+1	+02.292240E+2	0
+04.997267400E+6	+03.333900E+2	-07.321000E+2	+03.246540E+2	+01.293463E+1	+02.303080E+2	0
+04.997267100E+6	+03.333300E+2	-07.324000E+2	+03.245940E+2	+01.293993E+1	+02.313750E+2	0
+04.997266900E+6	+03.333500E+2	-07.326000E+2	+03.246140E+2	+01.294346E+1	+02.324630E+2	0
+04.997266900E+6	+03.334300E+2	-07.326000E+2	+03.246940E+2	+01.294346E+1	+02.335290E+2	0
+04.997266800E+6	+03.334900E+2	-07.327000E+2	+03.247540E+2	+01.294523E+1	+02.346060E+2	0
+04.997266800E+6	+03.335200E+2	-07.327000E+2	+03.247840E+2	+01.294523E+1	+02.356770E+2	0
+04.997266500E+6	+03.335100E+2	-07.330000E+2	+03.247740E+2	+01.295053E+1	+02.367640E+2	0
+04.997266500E+6	+03.335100E+2	-07.330000E+2	+03.247740E+2	+01.295053E+1	+02.378370E+2	0
+04.997266400E+6	+03.335200E+2	-07.331000E+2	+03.247840E+2	+01.295230E+1	+02.389120E+2	0
+04.997266200E+6	+03.335200E+2	-07.333000E+2	+03.247840E+2	+01.295583E+1	+02.399870E+2	0
+04.997266000E+6	+03.335200E+2	-07.335000E+2	+03.247840E+2	+01.295936E+1	+02.410600E+2	0
+04.997266000E+6	+03.335300E+2	-07.335000E+2	+03.247940E+2	+01.295936E+1	+02.421380E+2	0
+04.997265800E+6	+03.335500E+2	-07.337000E+2	+03.248140E+2	+01.296290E+1	+02.432140E+2	0
+04.997265600E+6	+03.335300E+2	-07.339000E+2	+03.247940E+2	+01.296643E+1	+02.442810E+2	0
+04.997265600E+6	+03.335400E+2	-07.339000E+2	+03.248040E+2	+01.296643E+1	+02.453600E+2	0
+04.997265300E+6	+03.335200E+2	-07.342000E+2	+03.247840E+2	+01.297173E+1	+02.464320E+2	0
+04.997265300E+6	+03.335300E+2	-07.342000E+2	+03.247940E+2	+01.297173E+1	+02.475040E+2	0
+04.997265100E+6	+03.335300E+2	-07.344000E+2	+03.247940E+2	+01.297527E+1	+02.485890E+2	0
+04.997265100E+6	+03.335200E+2	-07.344000E+2	+03.247840E+2	+01.297527E+1	+02.496630E+2	0
+04.997264600E+6	+03.334900E+2	-07.349000E+2	+03.247540E+2	+01.298410E+1	+02.507350E+2	0
+04.997264600E+6	+03.334600E+2	-07.349000E+2	+03.247240E+2	+01.298410E+1	+02.518250E+2	0
+04.997264600E+6	+03.334900E+2	-07.349000E+2	+03.247540E+2	+01.298410E+1	+02.528960E+2	0
+04.997264400E+6	+03.335400E+2	-07.351000E+2	+03.248040E+2	+01.298763E+1	+02.539690E+2	0
+04.997264300E+6	+03.335900E+2	-07.352000E+2	+03.248540E+2	+01.298940E+1	+02.550460E+2	0
+04.997264200E+6	+03.336300E+2	-07.353000E+2	+03.248940E+2	+01.299117E+1	+02.561150E+2	0
+04.997264100E+6	+03.336200E+2	-07.354000E+2	+03.248840E+2	+01.299293E+1	+02.571850E+2	0
+04.997264000E+6	+03.336500E+2	-07.355000E+2	+03.249140E+2	+01.299470E+1	+02.582680E+2	0
+04.997263900E+6	+03.336500E+2	-07.356000E+2	+03.249140E+2	+01.299647E+1	+02.593410E+2	0
+04.997263900E+6	+03.336500E+2	-07.356000E+2	+03.249140E+2	+01.299647E+1	+02.604110E+2	0
+04.997263800E+6	+03.336400E+2	-07.357000E+2	+03.249040E+2	+01.299823E+1	+02.614880E+2	0
+04.997263600E+6	+03.336600E+2	-07.359000E+2	+03.249240E+2	+01.300177E+1	+02.625670E+2	0
+04.997263700E+6	+03.337100E+2	-07.358000E+2	+03.249740E+2	+01.300000E+1	+02.636350E+2	0
+04.997263700E+6	+03.337500E+2	-07.358000E+2	+03.250140E+2	+01.300000E+1	+02.647080E+2	0
+04.997263400E+6	+03.337500E+2	-07.361000E+2	+03.250140E+2	+01.300530E+1	+02.657820E+2	0
+04.997263400E+6	+03.337500E+2	-07.361000E+2	+03.250140E+2	+01.300530E+1	+02.668650E+2	0
+04.997263200E+6	+03.337400E+2	-07.363000E+2	+03.250040E+2	+01.300883E+1	+02.679390E+2	0
+04.997263100E+6	+03.337400E+2	-07.364000E+2	+03.250040E+2	+01.301060E+1	+02.690030E+2	0
+04.997263000E+6	+03.337300E+2	-07.365000E+2	+03.249940E+2	+01.301237E+1	+02.700890E+2	0
+04.997263000E+6	+03.337300E+2	-07.365000E+2	+03.249940E+2	+01.301237E+1	+02.711630E+2	0
+04.997262900E+6	+03.337500E+2	-07.366000E+2	+03.250140E+2	+01.301413E+1	+02.722360E+2	0
+04.997262900E+6	+03.337500E+2	-07.366000E+2	+03.250140E+2	+01.301413E+1	+02.733010E+2	0
+04.997262800E+6	+03.337500E+2	-07.367000E+2	+03.250140E+2	+01.301590E+1	+02.743780E+2	0
+04.997262800E+6	+03.337300E+2	-07.367000E+2	+03.249940E+2	+01.301590E+1	+02.754550E+2	0
+04.997262600E+6	+03.336600E+2	-07.369000E+2	+03.249240E+2	+01.301943E+1	+02.765320E+2	0
+04.997262400E+6	+03.336200E+2	-07.371000E+2	+03.248840E+2	+01.302297E+1	+02.775980E+2	0
+04.997262400E+6	+03.336100E+2	-07.371000E+2	+03.248740E+2	+01.302297E+1	+02.786800E+2	0
+04.997262500E+6	+03.336200E+2	-07.370000E+2	+03.248840E+2	+01.302120E+1	+02.797520E+2	0
+04.997262300E+6	+03.335700E+2	-07.372000E+2	+03.248340E+2	+01.302473E+1	+02.808400E+2	0
+04.997262100E+6	+03.334900E+2	-07.374000E+2	+03.247540E+2	+01.302827E+1	+02.819170E+2	0
+04.997262100E+6	+03.334900E+2	-07.374000E+2	+03.247540E+2	+01.302827E+1	+02.829840E+2	0
+04.997262000E+6	+03.335000E+2	-07.375000E+2	+03.247640E+2	+01.303004E+1	+02.840550E+2	0
+04.997261900E+6	+03.334600E+2	-07.376000E+2	+03.247240E+2	+01.303180E+1	+02.851320E+2	0
+04.997261900E+6	+03.334500E+2	-07.376000E+2	+03.247140E+2	+01.303180E+1	+02.862130E+2	0
+04.997262000E+6	+03.335300E+2	-07.375000E+2	+03.247940E+2	+01.303004E+1	+02.872830E+2	0
+04.997262000E+6	+03.335800E+2	-07.375000E+2	+03.248440E+2	+01.303004E+1	+02.883510E+2	0
+04.997261900E+6	+03.335600E+2	-07.376000E+2	+03.248240E+2	+01.303180E+1	+02.894370E+2	0
+04.997261800E+6	+03.335500E+2	-07.377000E+2	+03.248140E+2	+01.303357E+1	+02.905010E+2	0
+04.997261700E+6	+03.335700E+2	-07.378000E+2	+03.248340E+2	+01.303534E+1	+02.915850E+2	0
+04.997261600E+6	+03.335900E+2	-07.379000E+2	+03.248540E+2	+01.303710E+1	+02.926540E+2	0
+04.997261500E+6	+03.336300E+2	-07.380000E+2	+03.248940E+2	+01.303887E+1	+02.937300E+2	0
+04.997261500E+6	+03.336800E+2	-07.380000E+2	+03.249440E+2	+01.303887E+1	+02.948070E+2	0
+04.997261300E+6	+03.336800E+2	-07.382000E+2	+03.249440E+2	+01.304240E+1	+02.958810E+2	0
+04.997261300E+6	+03.336900E+2	-07.382000E+2	+03.249540E+2	+01.304240E+1	+02.969620E+2	0
+04.997261400E+6	+03.337400E+2	-07.381000E+2	+03.250040E+2	+01.304064E+1	+02.980320E+2	0
+04.997261200E+6	+03.337300E+2	-07.383000E+2	+03.249940E+2	+01.304417E+1	+02.991020E+2	0
+04.997261100E+6	+03.337600E+2	-07.384000E+2	+03.250240E+2	+01.304594E+1	+03.001840E+2	0
+04.997260900E+6	+03.337000E+2	-07.386000E+2	+03.249640E+2	+01.304947E+1	+03.012610E+2	0
+04.997260900E+6	+03.337000E+2	-07.386000E+2	+03.249640E+2	+01.304947E+1	+03.023390E+2	0
+04.997261000E+6	+03.337800E+2	-07.385000E+2	+03.250440E+2	+01.304770E+1	+03.034000E+2	0
+04.997261000E+6	+03.338200E+2	-07.385000E+2	+03.250840E+2	+01.304770E+1	+03.044860E+2	0
+04.997260900E+6	+03.338200E+2	-07.386000E+2	+03.250840E+2	+01.304947E+1	+03.055550E+2	0
+04.997260800E+6	+03.338300E+2	-07.387000E+2	+03.250940E+2	+01.305124E+1	+03.066310E+2	0
+04.997260800E+6	+03.338300E+2	-07.387000E+2	+03.250940E+2	+01.305124E+1	+03.077100E+2	0
+04.997260600E+6	+03.338400E+2	-07.389000E+2	+03.251040E+2	+01.305477E+1	+03.087790E+2	0
+04.997260400E+6	+03.338400E+2	-07.391000E+2	+03.251040E+2	+01.305830E+1	+03.098480E+2	0
+04.997260400E+6	+03.338400E+2	-07.391000E+2	+03.251040E+2	+01.305830E+1	+03.109220E+2	0
+04.997260300E+6	+03.338500E+2	-07.392000E+2	+03.251140E+2	+01.306007E+1	+03.120050E+2	0
+04.997260300E+6	+03.338500E+2	-07.392000E+2	+03.251140E+2	+01.306007E+1	+03.130800E+2	0
+04.997260100E+6	+03.338500E+2	-07.394000E+2	+03.251140E+2	+01.306360E+1	+03.141480E+2	0
+04.997260000E+6	+03.338500E+2	-07.395000E+2	+03.251140E+2	+01.306537E+1	+03.152250E+2	0
+04.997259900E+6	+03.338500E+2	-07.396000E+2	+03.251140E+2	+01.306714E+1	+03.162940E+2	0
+04.997259900E+6	+03.338800E+2	-07.396000E+2	+03.251440E+2	+01.306714E+1	+03.173640E+2	0
+04.997259800E+6	+03.338800E+2	-07.397000E+2	+03.251440E+2	+01.306890E+1	+03.184470E+2	0
+04.997259800E+6	+03.338700E+2	-07.397000E+2	+03.251340E+2	+01.306890E+1	+03.195160E+2	0
+04.997259600E+6	+03.338500E+2	-07.399000E+2	+03.251140E+2	+01.307244E+1	+03.205940E+2	0
+04.997259600E+6	+03.338600E+2	-07.399000E+2	+03.251240E+2	+01.307244E+1	+03.216620E+2	0
+04.997259500E+6	+03.338500E+2	-07.400000E+2	+03.251140E+2	+01.307420E+1	+03.227380E+2	0
+04.997259200E+6	+03.338200E+2	-07.403000E+2	+03.250840E+2	+01.307951E+1	+03.238120E+2	0
+04.997259200E+6	+03.337900E+2	-07.403000E+2	+03.250540E+2	+01.307951E+1	+03.248940E+2	0
+04.997259100E+6	+03.337300E+2	-07.404000E+2	+03.249940E+2	+01.308127E+1	+03.259710E+2	0
+04.997259200E+6	+03.337300E+2	-07.403000E+2	+03.249940E+2	+01.307951E+1	+03.270420E+2	0
+04.997259100E+6	+03.337900E+2	-07.404000E+2	+03.250540E+2	+01.308127E+1	+03.281150E+2	0
+04.997259000E+6	+03.337900E+2	-07.405000E+2	+03.250540E+2	+01.308304E+1	+03.291910E+2	0
+04.997259100E+6	+03.338200E+2	-07.404000E+2	+03.250840E+2	+01.308127E+1	+03.302650E+2	0
+04.997259100E+6	+03.338300E+2	-07.404000E+2	+03.250940E+2	+01.308127E+1	+03.313420E+2	0
+04.997259100E+6	+03.338600E+2	-07.404000E+2	+03.251240E+2	+01.308127E+1	+03.324170E+2	0
+04.997259000E+6	+03.338800E+2	-07.405000E+2	+03.251440E+2	+01.308304E+1	+03.334950E+2	0
+04.997259000E+6	+03.338800E+2	-07.405000E+2	+03.251440E+2	+01.308304E+1	+03.345680E+2	0
+04.997258900E+6	+03.338700E+2	-07.406000E+2	+03.251340E+2	+01.308481E+1	+03.356360E+2	0
+04.997258900E+6	+03.338600E+2	-07.406000E+2	+03.251240E+2	+01.308481E+1	+03.367170E+2	0
+04.997258800E+6	+03.338400E+2	-07.407000E+2	+03.251040E+2	+01.308657E+1	+03.377840E+2	0
+04.997258600E+6	+03.338200E+2	-07.409000E+2	+03.250840E+2	+01.309011E+1	+03.388560E+2	0
+04.997258600E+6	+03.338300E+2	-07.409000E+2	+03.250940E+2	+01.309011E+1	+03.399380E+2	0
+04.997258400E+6	+03.338200E+2	-07.411000E+2	+03.250840E+2	+01.309364E+1	+03.410080E+2	0
+04.997258400E+6	+03.338100E+2	-07.411000E+2	+03.250740E+2	+01.309364E+1	+03.420750E+2	0
+04.997258400E+6	+03.338000E+2	-07.411000E+2	+03.250640E+2	+01.309364E+1	+03.431610E+2	0
+04.997258400E+6	+03.338100E+2	-07.411000E+2	+03.250740E+2	+01.309364E+1	+03.442330E+2	0
+04.997258300E+6	+03.338300E+2	-07.412000E+2	+03.250940E+2	+01.309541E+1	+03.452960E+2	0
+04.997258300E+6	+03.338500E+2	-07.412000E+2	+03.251140E+2	+01.309541E+1	+03.463680E+2	0
+04.997258300E+6	+03.338700E+2	-07.412000E+2	+03.251340E+2	+01.309541E+1	+03.474500E+2	0
+04.997258300E+6	+03.339000E+2	-07.412000E+2	+03.251640E+2	+01.309541E+1	+03.485230E+2	0
+04.997258300E+6	+03.339100E+2	-07.412000E+2	+03.251740E+2	+01.309541E+1	+03.496010E+2	0
+04.997258300E+6	+03.339100E+2	-07.412000E+2	+03.251740E+2	+01.309541E+1	+03.506740E+2	0
+04.997258300E+6	+03.339000E+2	-07.412000E+2	+03.251640E+2	+01.309541E+1	+03.517460E+2	0
+04.997258200E+6	+03.338900E+2	-07.413000E+2	+03.251540E+2	+01.309717E+1	+03.528210E+2	0
+04.997258100E+6	+03.338800E+2	-07.414000E+2	+03.251440E+2	+01.309894E+1	+03.538930E+2	0
+04.997258100E+6	+03.338800E+2	-07.414000E+2	+03.251440E+2	+01.309894E+1	+03.549700E+2	0
+04.997258000E+6	+03.338700E+2	-07.415000E+2	+03.251340E+2	+01.310071E+1	+03.560400E+2	0
+04.997258000E+6	+03.338500E+2	-07.415000E+2	+03.251140E+2	+01.310071E+1	+03.571110E+2	0
+04.997257900E+6	+03.338700E+2	-07.416000E+2	+03.251340E+2	+01.310247E+1	+03.581960E+2	0
+04.997257900E+6	+03.338700E+2	-07.416000E+2	+03.251340E+2	+01.310247E+1	+03.592630E+2	0
+04.997257800E+6	+03.338500E+2	-07.417000E+2	+03.251140E+2	+01.310424E+1	+03.603360E+2	0
+04.997257800E+6	+03.338500E+2	-07.417000E+2	+03.251140E+2	+01.310424E+1	+03.614170E+2	0
+04.997257700E+6	+03.338200E+2	-07.418000E+2	+03.250840E+2	+01.310601E+1	+03.624900E+2	0
+04.997257600E+6	+03.338000E+2	-07.419000E+2	+03.250640E+2	+01.310777E+1	+03.635700E+2	0
+04.997257600E+6	+03.337900E+2	-07.419000E+2	+03.250540E+2	+01.310777E+1	+03.646480E+2	0
+04.997257600E+6	+03.338000E+2	-07.419000E+2	+03.250640E+2	+01.310777E+1	+03.657130E+2	0
+04.997257400E+6	+03.337800E+2	-07.421000E+2	+03.250440E+2	+01.311131E+1	+03.667900E+2	0
+04.997257100E+6	+03.337000E+2	-07.424000E+2	+03.249640E+2	+01.311661E+1	+03.678730E+2	0